lon lat
-122.1196196 37.4172352
-122.1200722 37.4175066
-122.1197809 37.4171269
-122.1199756 37.4170136
-122.1202198 37.4174294
-122.1201544 37.4169498
-122.1204342 37.4173527
-122.1203748 37.4169162
-122.1205916 37.4168815
-122.1215637 37.4193127
-122.1206656 37.4173086
-122.1208092 37.416887
-122.1208855 37.4173443
-122.1213243 37.4195753
-122.121013 37.4169183
-122.1211994 37.4169476
-122.1210746 37.4173933
-122.121415 37.417011
-122.1188226 37.4175591
-122.121589 37.41712
-122.1212944 37.4174546
-122.1217762 37.4172262
-122.1216581 37.4172157
-122.1214588 37.4176038
-122.1219297 37.4173304
-122.1207231 37.4203451
-122.1203857 37.4207329
-122.1211138 37.4195855
-122.1205118 37.4203019
-122.1209187 37.4200341
-122.1201837 37.4207393
-122.1202754 37.4202752
-122.1208922 37.4196037
-122.1206597 37.4200482
-122.120051 37.4207216
-122.1207066 37.4196124
-122.1206236 37.4196163
-122.1200833 37.4202665
-122.1204707 37.4200355
-122.1198574 37.4206798
-122.1204511 37.4195982
-122.1198667 37.4202174
-122.1196951 37.4206306
-122.1202514 37.4200113
-122.1195159 37.4206013
-122.1200312 37.4199697
-122.1218693 37.4189608
-122.1196849 37.4201542
-122.1193135 37.4205673
-122.1202529 37.4195593
-122.1198232 37.4199159
-122.1200233 37.4195157
-122.1194829 37.4200808
-122.1209053 37.4186436
-122.1191741 37.4204704
-122.1207918 37.4182283
-122.1196598 37.4198476
-122.1207081 37.4186337
-122.1193217 37.4200177
-122.1205042 37.4186325
-122.1190178 37.4203807
-122.1198301 37.4194373
-122.1194423 37.4197619
-122.1202946 37.4185528
-122.1205716 37.4182005
-122.1196401 37.4193484
-122.120133 37.4184171
-122.1188322 37.4202766
-122.1191139 37.4199111
-122.1192498 37.4196585
-122.1200454 37.418285
-122.120007 37.4181032
-122.1186518 37.4201699
-122.1189418 37.4198184
-122.1200657 37.4178912
-122.1194476 37.4192362
-122.1190927 37.4195571
-122.1201814 37.4177518
-122.1202774 37.4177643
-122.1184679 37.4200542
-122.1187869 37.4196928
-122.120559 37.4180227
-122.1203621 37.4176389
-122.1189225 37.4194336
-122.1192982 37.4191171
-122.1205595 37.4175843
-122.1183235 37.4199338
-122.1186467 37.419575
-122.1208054 37.4175815
-122.1187994 37.4193167
-122.121035 37.4176357
-122.1181601 37.4198237
-122.1191995 37.4189947
-122.1208508 37.4180342
-122.1211782 37.4177324
-122.1186585 37.4191565
-122.1213103 37.4178883
-122.1180537 37.4197157
-122.1185247 37.4194586
-122.1213698 37.4180785
-122.1190529 37.4188354
-122.1185687 37.4190117
-122.121347 37.4182219
-122.1179327 37.4195894
-122.118378 37.4193132
-122.1184666 37.4188551
-122.1189667 37.4186903
-122.1178649 37.419496
-122.118396 37.4187168
-122.1188866 37.418506
-122.1182538 37.4191586
-122.1177825 37.419367
-122.1181855 37.4190051
-122.1188176 37.418333
-122.1212946 37.4183725
-122.117703 37.419262
-122.1220677 37.4174363
-122.1167661 37.4180749
-122.1158825 37.4181133
-122.1207755 37.4166194
-122.117869 37.415652
-122.1169109 37.418218
-122.1158857 37.4182299
-122.1164457 37.4180856
-122.1175677 37.4191213
-122.118028 37.415546
-122.1171032 37.4183195
-122.1159088 37.4183802
-122.1165178 37.4182361
-122.1182065 37.4154946
-122.1173811 37.4183741
-122.1160825 37.4185224
-122.1205389 37.4166326
-122.1184171 37.4154318
-122.1175616 37.4183283
-122.1162161 37.4186057
-122.1185378 37.4158824
-122.1184522 37.4158805
-122.117466 37.4179062
-122.1166486 37.4183719
-122.1185859 37.4154561
-122.1177517 37.4182315
-122.1201919 37.41623
-122.1163822 37.4187387
-122.1168651 37.4184963
-122.1187849 37.4154645
-122.1179343 37.418128
-122.1165461 37.418841
-122.1186846 37.4159027
-122.1189472 37.4155259
-122.1180205 37.4179471
-122.1167226 37.4189467
-122.1203209 37.4166427
-122.1169957 37.418561
-122.119148 37.4156005
-122.1180443 37.4177706
-122.116914 37.4190249
-122.1188959 37.4159547
-122.1193218 37.4156823
-122.1180036 37.4175992
-122.1200136 37.4162607
-122.1170818 37.4190515
-122.1174432 37.4176986
-122.1172596 37.4186066
-122.1194864 37.4158258
-122.1178436 37.4174286
-122.1172496 37.4191139
-122.1190789 37.4161142
-122.1196012 37.4159399
-122.1176505 37.4173532
-122.1201172 37.4166938
-122.1174639 37.4186029
-122.1197342 37.4160573
-122.1174571 37.4172825
-122.1198431 37.4162839
-122.1175563 37.4189944
-122.1172256 37.4172883
-122.1191752 37.4162447
-122.1176905 37.4185644
-122.1170022 37.4173576
-122.1197019 37.416353
-122.1168394 37.4174914
-122.1180947 37.4188372
-122.1198933 37.4167445
-122.1178872 37.4184957
-122.1167273 37.4176381
-122.1192038 37.4163822
-122.1172382 37.4178295
-122.1199373 37.415856
-122.1180546 37.4183797
-122.1196879 37.4168457
-122.1191733 37.4165527
-122.1182344 37.4182587
-122.1194978 37.4169626
-122.1183012 37.418098
-122.1188227 37.4181579
-122.1189927 37.4167405
-122.1193451 37.4170509
-122.1183595 37.4179254
-122.1188568 37.417958
-122.1191687 37.4171973
-122.1188296 37.4168393
-122.1187801 37.4165105
-122.1183622 37.4177533
-122.1189721 37.4172549
-122.1183178 37.4175607
-122.1186933 37.416869
-122.1187478 37.4172935
-122.1182322 37.4174177
-122.1188198 37.4163213
-122.1184854 37.4168947
-122.1180741 37.4172648
-122.1185027 37.4165794
-122.1182276 37.4167893
-122.1179207 37.4171605
-122.1186215 37.4161742
-122.1177303 37.4170787
-122.1180607 37.4166939
-122.1175219 37.4170287
-122.1174619 37.4165802
-122.1173006 37.4170082
-122.1183118 37.4164425
-122.1172884 37.4165728
-122.1179933 37.4165738
-122.117105 37.4165624
-122.1170942 37.4170444
-122.1169267 37.4165898
-122.1179418 37.416403
-122.1183001 37.4159487
-122.117342 37.4163247
-122.1167502 37.4166889
-122.1168997 37.4171089
-122.1173761 37.4161793
-122.1166133 37.4167625
-122.1174587 37.4160568
-122.1179875 37.4162184
-122.1164128 37.4168968
-122.1166914 37.4172135
-122.1175658 37.4159002
-122.1162492 37.4169932
-122.116561 37.4173533
-122.1160796 37.4170796
-122.1159837 37.4172199
-122.1164362 37.4175178
-122.1158753 37.4173373
-122.116384 37.417679
-122.1158935 37.4175295
-122.1158568 37.4176974
-122.1215471 37.4177223
-122.1155569 37.4181239
-122.1153889 37.4180543
-122.1156349 37.4175644
-122.1152163 37.4180095
-122.1154978 37.4175225
-122.115094 37.4178852
-122.1153535 37.4174673
-122.1149762 37.4177993
-122.1148315 37.4177037
-122.1221203 37.4175779
-122.1222562 37.417707
-122.1216651 37.4178684
-122.1222084 37.4178725
-122.122199 37.4178338
-122.1222519 37.418017
-122.1216825 37.4180614
-122.1222387 37.4181581
-122.1216815 37.4182432
-122.1222211 37.418315
-122.1190371 37.4175079
-122.1221787 37.4184476
-122.1216165 37.4183952
-122.1221018 37.4185944
-122.1219846 37.4187681
-122.1215247 37.4185438
-122.1214424 37.4191689
-122.1211146 37.4188161
-122.1212117 37.4192766
-122.1208852 37.4188821
-122.1210048 37.4192982
-122.120781 37.4193502
-122.1207677 37.4192931
-122.1206532 37.4188918
-122.1205896 37.4193324
-122.1203718 37.4193231
-122.1204343 37.4188904
-122.1192263 37.4174468
-122.1201891 37.4192816
-122.1202454 37.4188358
-122.1199963 37.4191935
-122.1197986 37.4191433
-122.1200678 37.4187208
-122.119607 37.419006
-122.1194751 37.4188925
-122.1199001 37.4186163
-122.1193838 37.4187318
-122.1197706 37.4184617
-122.1192723 37.4186093
-122.1192383 37.4184282
-122.1197222 37.4182973
-122.1191582 37.4182534
-122.1196862 37.418115
-122.1191528 37.4180845
-122.1194103 37.4173425
-122.1191702 37.4179241
-122.1197127 37.4179227
-122.1197655 37.4177611
-122.1198976 37.4176561
