lon lat
-122.11463029999999 37.41761359990215
-122.1147115 37.417551899902136
-122.114886 37.41746089990214
-122.1149227 37.41744319990213
-122.1150049 37.41740889990212

-122.11612989999998 37.41791089990218
-122.11603969999999 37.41790709990219
-122.1160192 37.41790619990217
-122.11575980000002 37.417894999902174
-122.1154541 37.417807599902176
-122.11523540000002 37.41765529990216
-122.1151272 37.41756269990214
-122.11505059999999 37.41746579990213
-122.1150049 37.41740889990212

-122.1169718 37.41784479990218
-122.1168888 37.41785109990219
-122.11626000000001 37.417898699902196
-122.11624319999999 37.41790029990219
-122.11612989999998 37.41791089990218

-122.11756099999998 37.41751079990213
-122.11742439999999 37.417493199902125
-122.1172848 37.41751039990212
-122.11715730000002 37.41755749990214
-122.117056 37.417634899902154
-122.1169919 37.41773429990218
-122.1169718 37.41784479990218

-122.1169718 37.41784479990218
-122.11698879999999 37.417916099902186
-122.11699799999997 37.417954499902194
-122.1170677 37.418051499902205
-122.1171732 37.418125299902215
-122.11730319999998 37.41816789990222
-122.1174435 37.41817459990222
-122.117579 37.418144799902215
-122.11769500000001 37.41808169990221
-122.11777879999997 37.41799199990219
-122.11782149999999 37.41788569990218
-122.11781839999998 37.41777399990217
-122.11776979999998 37.41766919990216
-122.11768690000001 37.41757449990216
-122.11756099999998 37.41751079990213

-122.11612989999998 37.41791089990218
-122.11622249999999 37.41819529990223
-122.116319 37.41836579990224
-122.11648800000002 37.418534099902274
-122.11674990000002 37.418702499902295
-122.1171317 37.41882479990231
-122.11739999999999 37.41883759990231
-122.11768579999998 37.4188065999023
-122.11779289999998 37.41879499990232

-122.11779289999998 37.41879499990232
-122.11791829999999 37.418739699902304
-122.11803700000002 37.418687399902296
-122.1182583 37.41855319990228
-122.11832360000001 37.41849919990227
-122.11834120000002 37.41848989990226
-122.11850690000001 37.418402999902256

-122.1195049 37.41772559990216
-122.11939349999999 37.41770299990216
-122.11937160000001 37.41770039990216
-122.11931299999999 37.417692599902146
-122.1188343 37.41778629990217
-122.1187764 37.41779119990219
-122.11873739999997 37.41779359990218
-122.118672 37.41779859990218

-122.1195049 37.41772559990216
-122.11947920000001 37.41777459990215
-122.11947290000002 37.41779989990217
-122.11944229999999 37.417888399902196
-122.11941410000001 37.41806479990221
-122.1194251 37.418242399902226
-122.119475 37.418415799902256
-122.1195622 37.418579599902266
-122.11968399999998 37.41872879990228
-122.11983679999999 37.41885889990231
-122.12001570000001 37.41896569990232
-122.12021540000002 37.41904619990235

-122.12148610000001 37.41889949990231
-122.12157790000002 37.41897439990233
-122.12159349999999 37.418986899902336
-122.1218368 37.419188599902355
-122.12185019999997 37.419199699902364
-122.1219111 37.419249799902374

-122.12096530000001 37.41837089990226
-122.12104149999999 37.41843679990226
-122.12142279999999 37.418825599902306
-122.12144849999997 37.418856699902314
-122.12148610000001 37.41889949990231

-122.1210345 37.41794159990219
-122.12108529999999 37.41802649990221
-122.12110399999997 37.41811939990222
-122.12108889999998 37.41821269990223
-122.1210414 37.41829889990224
-122.12100369999999 37.418336499902246
-122.12096530000001 37.41837089990226

-122.12096530000001 37.41837089990226
-122.12086659999999 37.418422999902255
-122.12075349999998 37.41845089990226
-122.12063509999997 37.41845229990226
-122.12052089999999 37.41842719990226
-122.1204203 37.41837759990226
-122.1203414 37.418307499902234
-122.1202905 37.41822249990223
-122.12027189999999 37.41812959990222
-122.12028689999998 37.418036299902184
-122.1203344 37.41795019990219
-122.12041059999999 37.41787819990219
-122.12050920000001 37.41782609990217
-122.1206223 37.41779819990218
-122.1207408 37.41779669990217
-122.12085490000001 37.41782179990218
-122.12095549999998 37.41787149990218
-122.1210345 37.41794159990219

-122.12021540000002 37.41904619990235
-122.12042970000002 37.41909769990235
-122.12065209999999 37.41911879990234
-122.12087559999998 37.41910869990235
-122.1210935 37.41906779990234
-122.1212991 37.41899729990234
-122.1214224 37.418934399902305
-122.12148610000001 37.41889949990231

-122.12148610000001 37.41889949990231
-122.1215793 37.41885349990231
-122.12162350000001 37.41882679990231
-122.12167249999997 37.4187948999023
-122.12175380000001 37.41870469990229
-122.12191629999997 37.41839569990224
-122.12197009999998 37.41809079990221
-122.12190640000001 37.417787099902164
-122.12173100000001 37.41751239990213
-122.12146010000001 37.4172921999021
-122.1211185 37.41714659990208
-122.12073760000001 37.417088999902084
-122.12035260000002 37.41712469990208
-122.11999869999998 37.4172504999021
-122.11971480000001 37.41746269990213
-122.11954160000002 37.41763089990216
-122.1195049 37.41772559990216

