lon lat
-122.12055459999998 37.41617039990195
-122.1190984 37.415206499901814

-122.1205133 37.41642399990199
-122.12078399999999 37.416427599901986
-122.12080140000002 37.41642769990199
-122.1209845 37.41642779990199

-122.12254940000001 37.417391699902126
-122.1209845 37.41642779990199

-122.1205133 37.41642399990199
-122.12015659999997 37.416481499902
-122.11977569999999 37.416593399902006
-122.1195421 37.41670989990203
-122.11931669999998 37.416822199902036

-122.11931669999998 37.416822199902036
-122.11926120000001 37.416869999902055
-122.11901000000002 37.41702539990206
-122.11877659999999 37.41709209990208
-122.11858399999998 37.41712989990209
-122.11854999999998 37.41713659990208
-122.11839569999997 37.417188799902085

-122.11850690000001 37.418402999902256
-122.1185422 37.41829039990224
-122.11861839999999 37.418030799902205
-122.11865510000001 37.41787169990218
-122.118672 37.41779859990218

-122.1195049 37.41772559990216
-122.11939349999999 37.41770299990216
-122.11937160000001 37.41770039990216
-122.11931299999999 37.417692599902146
-122.1188343 37.41778629990217
-122.1187764 37.41779119990219
-122.11873739999997 37.41779359990218
-122.118672 37.41779859990218

-122.1210345 37.41794159990219
-122.12108529999999 37.41802649990221
-122.12110399999997 37.41811939990222
-122.12108889999998 37.41821269990223
-122.1210414 37.41829889990224
-122.12100369999999 37.418336499902246
-122.12096530000001 37.41837089990226

-122.12096530000001 37.41837089990226
-122.12086659999999 37.418422999902255
-122.12075349999998 37.41845089990226
-122.12063509999997 37.41845229990226
-122.12052089999999 37.41842719990226
-122.1204203 37.41837759990226
-122.1203414 37.418307499902234
-122.1202905 37.41822249990223
-122.12027189999999 37.41812959990222
-122.12028689999998 37.418036299902184
-122.1203344 37.41795019990219
-122.12041059999999 37.41787819990219
-122.12050920000001 37.41782609990217
-122.1206223 37.41779819990218
-122.1207408 37.41779669990217
-122.12085490000001 37.41782179990218
-122.12095549999998 37.41787149990218
-122.1210345 37.41794159990219

-122.12148610000001 37.41889949990231
-122.1215793 37.41885349990231
-122.12162350000001 37.41882679990231
-122.12167249999997 37.4187948999023
-122.12175380000001 37.41870469990229
-122.12191629999997 37.41839569990224
-122.12197009999998 37.41809079990221
-122.12190640000001 37.417787099902164
-122.12173100000001 37.41751239990213
-122.12146010000001 37.4172921999021
-122.1211185 37.41714659990208
-122.12073760000001 37.417088999902084
-122.12035260000002 37.41712469990208
-122.11999869999998 37.4172504999021
-122.11971480000001 37.41746269990213
-122.11954160000002 37.41763089990216
-122.1195049 37.41772559990216

-122.1179227 37.41592409990193
-122.11800410000001 37.41585989990191
-122.11807089999999 37.41581989990192
-122.11813759999998 37.415786999901904
-122.1183226 37.41571249990189
-122.1185479 37.41567409990188
-122.11872359999998 37.41567839990188
-122.11891540000002 37.4157209999019
-122.1191514 37.415823199901915
-122.1193285 37.41598519990193
-122.1194197 37.416122599901946
-122.11946929999999 37.416312199901974
-122.11948489999999 37.416394799901994
-122.11949060000002 37.416473399901996
-122.11947900000001 37.416534699901995
-122.11946859999998 37.41659589990201
-122.11942969999998 37.416679599902025
-122.1193673 37.41676649990204
-122.11931669999998 37.416822199902036

