lon lat
-122.11856990000001 37.416377899901995
-122.11800849999999 37.415984199901935
-122.11799650000002 37.41597579990192
-122.1179227 37.41592409990193

-122.1179227 37.41592409990193
-122.11800410000001 37.41585989990191
-122.11807089999999 37.41581989990192
-122.11813759999998 37.415786999901904
-122.1183226 37.41571249990189
-122.1185479 37.41567409990188
-122.11872359999998 37.41567839990188
-122.11891540000002 37.4157209999019
-122.1191514 37.415823199901915
-122.1193285 37.41598519990193
-122.1194197 37.416122599901946
-122.11946929999999 37.416312199901974
-122.11948489999999 37.416394799901994
-122.11949060000002 37.416473399901996
-122.11947900000001 37.416534699901995
-122.11946859999998 37.41659589990201
-122.11942969999998 37.416679599902025
-122.1193673 37.41676649990204
-122.11931669999998 37.416822199902036

-122.12055459999998 37.41617039990195
-122.1190984 37.415206499901814

-122.11789499999999 37.41688649990205
-122.11773169999998 37.41684639990204
-122.11755049999998 37.41682059990204
-122.1173757 37.416813799902044
-122.1171351 37.41683779990205
-122.11680799999999 37.416914499902056
-122.11651419999998 37.417089099902086
-122.11633949999998 37.417245899902085
-122.1162044 37.41744119990213
-122.1161327 37.41766879990217
-122.11612989999998 37.41791089990218

-122.12073510000002 37.42067859990255
-122.12068090000001 37.42062979990254
-122.1206682 37.420619899902555
-122.120567 37.420558799902544
-122.1204047 37.420521599902536
-122.1199259 37.42046079990252
-122.1196336 37.4203766999025
-122.11903010000002 37.42013069990247
-122.11851640000002 37.41978559990243
-122.1182361 37.41951399990241
-122.117976 37.41915179990236
-122.1178335 37.418874099902304
-122.11782519999998 37.418857899902314
-122.11779289999998 37.41879499990232

-122.12132740000001 37.419943199902455
-122.12127870000002 37.41991239990246
-122.12125720000002 37.41989639990245
-122.1210825 37.41983359990245
-122.12075200000001 37.419831399902435
-122.1203379 37.41980379990244
-122.11994469999998 37.41972699990242
-122.11959999999998 37.41958849990242
-122.1193546 37.41945429990239
-122.1190556 37.41921889990237
-122.11886909999998 37.419005899902345
-122.11871759999997 37.4187704999023
-122.1186117 37.41849399990226
-122.11850690000001 37.418402999902256

