lon lat
-122.1493795 37.4477608
-122.1496751 37.4474716
-122.1495739 37.44753
-122.1490634 37.4480954
-122.1502789 37.4468658
-122.1461432 37.4459067
-122.1501795 37.4468196
-122.1492565 37.4476676
-122.1451854 37.4475422
-122.1400221 37.4474953
-122.1495501 37.4474031
-122.1489358 37.4480306
-122.1425122 37.4474778
-122.1498331 37.4470664
-122.1459965 37.4458926
-122.1500683 37.446762
-122.1459632 37.4460681
-122.1493724 37.4473098
-122.1487779 37.4479529
-122.1497366 37.4469899
-122.1458405 37.4464948
-122.1459413 37.4469003
-122.1459351 37.4485319
-122.1491398 37.4475878
-122.1458217 37.4458768
-122.1459548 37.4479742
-122.148652 37.4478548
-122.1499461 37.4466732
-122.1457805 37.447185
-122.1457862 37.4485586
-122.1495978 37.4469087
-122.1492816 37.4472276
-122.1498524 37.4467635
-122.1456495 37.445882
-122.1458031 37.447492
-122.1489692 37.4474834
-122.1457278 37.4463689
-122.145173 37.4473609
-122.1455924 37.445424
-122.1456792 37.4468775
-122.1455939 37.4485467
-122.1494757 37.4468068
-122.1456464 37.4464631
-122.1484869 37.4477882
-122.1454491 37.4463766
-122.149138 37.4471434
-122.1454593 37.4458965
-122.1454372 37.4464779
-122.1457846 37.447952
-122.1454606 37.4468758
-122.1487784 37.44736
-122.1452779 37.4464364
-122.1452864 37.4462864
-122.1454321 37.448549
-122.149303 37.4467479
-122.1400506 37.4472328
-122.1452628 37.4459275
-122.1490174 37.4470518
-122.1447105 37.4473073
-122.142475 37.4472789
-122.1451031 37.4464259
-122.1429629 37.447294
-122.1452523 37.448593
-122.1455844 37.4474973
-122.1485985 37.4472373
-122.145165 37.447204
-122.1400088 37.4470966
-122.1456054 37.4479402
-122.1497923 37.4466171
-122.145115 37.4458975
-122.1497583 37.446595
-122.1424761 37.4471203
-122.1488759 37.4469813
-122.1482363 37.447496
-122.1497176 37.4465732
-122.145095 37.4485813
-122.1400329 37.4468691
-122.1487432 37.4468821
-122.149685 37.4465528
-122.1454519 37.4479774
-122.1496541 37.4465321
-122.1496185 37.4465111
-122.1455138 37.4471865
-122.145157 37.4470332
-122.1495875 37.4464947
-122.1495612 37.4464726
-122.1494481 37.4463804
-122.1425139 37.4469061
-122.1484738 37.4471775
-122.1451621 37.4468658
-122.1423858 37.4464395
-122.1487344 37.446376
-122.1447014 37.4474767
-122.1484122 37.4466959
-122.1490337 37.4460739
-122.1446842 37.4485643
-122.1446908 37.4468781
-122.1480296 37.4468606
-122.1443711 37.4464185
-122.1482917 37.4466199
-122.144543 37.4479293
-122.1445377 37.4468968
-122.1445201 37.4447335
-122.148909 37.446014
-122.144317 37.4458693
-122.1486179 37.4462958
-122.1445262 37.4475033
-122.1445275 37.4484969
-122.1479058 37.4467919
-122.1443336 37.4461415
-122.1481649 37.4465306
-122.1443401 37.4468819
-122.1443533 37.4447313
-122.1487488 37.4459505
-122.1484514 37.4462189
-122.1443489 37.4441779
-122.1399746 37.4462797
-122.144371 37.4454669
-122.1443814 37.4479101
-122.1446345 37.4464623
-122.144133 37.4458665
-122.1443608 37.4485479
-122.1443775 37.4475022
-122.1441754 37.4479574
-122.147409 37.4470876
-122.1477451 37.446725
-122.1440783 37.4461574
-122.1480188 37.4464584
-122.1478863 37.4465199
-122.1442108 37.448177
-122.1441881 37.4468767
-122.1441607 37.4447406
-122.1486291 37.4458501
-122.1483274 37.4461189
-122.1441816 37.4485361
-122.1441852 37.4475277
-122.1442962 37.4451547
-122.1438865 37.4459084
-122.1440436 37.4468931
-122.1476157 37.4466185
-122.1440415 37.4464436
-122.14787 37.4463541
-122.1440241 37.4479438
-122.1472408 37.4469847
-122.1440336 37.4447967
-122.1440067 37.4485348
-122.1481957 37.4460265
-122.1440106 37.4475055
-122.1440191 37.4454332
-122.1419799 37.446208
-122.1438332 37.4469105
-122.1438016 37.447076
-122.1446148 37.4462564
-122.1438528 37.4461544
-122.1474803 37.44653
-122.1437834 37.446424
-122.1477868 37.4462643
-122.1438473 37.4479688
-122.1471208 37.4468965
-122.1438467 37.4447891
-122.142467 37.446241
-122.1438538 37.4485267
-122.1480679 37.4459304
-122.1438399 37.4474938
-122.148496 37.4457631
-122.1437876 37.4483457
-122.1437026 37.446894
-122.1482351 37.4457869
-122.1473363 37.446458
-122.1435994 37.4464235
-122.1399284 37.4459127
-122.1437695 37.4454869
-122.147603 37.446189
-122.1436681 37.4479605
-122.1469743 37.4468073
-122.1482837 37.4456363
-122.1436006 37.4461467
-122.143657 37.4485322
-122.1479278 37.4458545
-122.1436558 37.4474878
-122.1435144 37.4469065
-122.1424266 37.446035
-122.1474907 37.4461088
-122.1435151 37.4479594
-122.1434735 37.4485169
-122.1478097 37.4457801
-122.1435136 37.4475098
-122.1472207 37.4463851
-122.1433858 37.4464087
-122.1446186 37.4460813
-122.1435661 37.4458768
-122.1468364 37.4467173
-122.1433485 37.4468844
-122.1433158 37.4485401
-122.1433185 37.4479405
-122.1433342 37.4475259
-122.1431323 37.4485282
-122.1431899 37.4464153
-122.1431649 37.4468795
-122.143148 37.4479427
-122.1431437 37.4475246
-122.1431661 37.4472508
-122.1429703 37.44641
-122.1429428 37.4479132
-122.1446106 37.4458849
-122.1429542 37.4475223
-122.1429209 37.4468659
-122.1451543 37.4455019
-122.1432712 37.4454312
-122.1411495 37.4454197
-122.1433499 37.4458834
-122.1474999 37.445591
-122.146904 37.4461801
-122.1425299 37.4479345
-122.1399743 37.445416
-122.1470644 37.445813
-122.1476114 37.4452337
-122.1431448 37.4458544
-122.1473751 37.4455155
-122.1467658 37.4461024
-122.1430961 37.445426
-122.144593 37.4452483
-122.1429122 37.4458892
-122.1451631 37.4453692
-122.1469094 37.4457403
-122.142918 37.4454373
-122.1437258 37.4453663
-122.1429121 37.4447274
-122.1475097 37.4451664
-122.1427766 37.4458865
-122.1472491 37.4454174
-122.1467515 37.4456626
-122.1425157 37.4452252
-122.1427774 37.4463976
-122.1427073 37.4447245
-122.1471229 37.4453472
-122.142734 37.4454297
-122.1437003 37.4452275
-122.1473689 37.4450715
-122.1426313 37.4458719
-122.1431626 37.4452415
-122.1452326 37.4452347
-122.1439568 37.4452384
-122.142919 37.4451962
-122.1425577 37.4464183
-122.1419379 37.4452066
-122.1425827 37.4447124
-122.1423329 37.4485323
-122.142556 37.4454293
-122.1423412 37.4468807
-122.1423312 37.4474651
-122.1424277 37.4458532
-122.1423223 37.4479099
-122.1437061 37.4451013
-122.1431277 37.4450804
-122.145281 37.445088
-122.1419496 37.4450673
-122.1446027 37.4450898
-122.1406846 37.4452195
-122.1424165 37.4454171
-122.1424538 37.4450695
-122.1411898 37.4450696
-122.1407213 37.4450019
-122.1440269 37.4450951
-122.1431639 37.4449693
-122.1424337 37.4449532
-122.1412201 37.4449538
-122.1419623 37.444897
-122.1446848 37.4447591
-122.1451841 37.444801
-122.1411548 37.4447631
-122.1436659 37.4447531
-122.1431705 37.4448274
-122.1423998 37.4447252
-122.1467133 37.4448955
-122.1432216 37.444695
-122.1407537 37.4435844
-122.1420858 37.4468914
-122.1420133 37.4458607
-122.1420719 37.4484981
-122.142109 37.4474673
-122.1421012 37.447268
-122.1421173 37.4479351
-122.1419558 37.4447201
-122.1457846 37.4442641
-122.1418352 37.4458723
-122.1419614 37.4464532
-122.1418671 37.448509
-122.1418832 37.4474514
-122.1418812 37.4468787
-122.1416896 37.4458784
-122.1420141 37.4453945
-122.1418143 37.4454515
-122.1419242 37.4479626
-122.1416841 37.4450723
-122.1417156 37.448532
-122.141711 37.4474601
-122.14168 37.4463856
-122.1416585 37.446892
-122.1416484 37.4449178
-122.1416828 37.4447198
-122.141681 37.4479474
-122.1414038 37.4458626
-122.1414841 37.4464114
-122.1415166 37.444722
-122.1416493 37.4454214
-122.141484 37.4485381
-122.1415016 37.4450264
-122.1415121 37.4474616
-122.1413149 37.4464302
-122.1413149 37.4464302
-122.1414775 37.4468793
-122.1414881 37.4454229
-122.1414731 37.4479631
-122.1413444 37.4447478
-122.141304 37.4454384
-122.1412912 37.4485278
-122.1412805 37.4474795
-122.1413541 37.4442625
-122.1412875 37.446888
-122.1412685 37.447929
-122.1410687 37.4485126
-122.1410966 37.4474692
-122.1410923 37.4464299
-122.1410977 37.446873
-122.1410754 37.4479684
-122.1412535 37.4458622
-122.1411164 37.4462217
-122.1410666 37.4458644
-122.1408618 37.4479509
-122.1408202 37.4458736
-122.1408904 37.448505
-122.1408772 37.4474352
-122.1407705 37.4454263
-122.140884 37.446872
-122.1406945 37.4447329
-122.1408137 37.4462427
-122.1406214 37.4458781
-122.1406109 37.4454367
-122.1408282 37.4464249
-122.1404107 37.4458826
-122.1403843 37.4454402
-122.1406056 37.4464484
-122.1406614 37.4468687
-122.1402337 37.4458501
-122.1406325 37.4485013
-122.1406647 37.4474705
-122.1407071 37.4472543
-122.1404216 37.4464174
-122.14018 37.4453926
-122.1406542 37.447924
-122.1400602 37.4458867
-122.1402525 37.4464077
-122.1400476 37.4464667
-122.1404239 37.446889
-122.1402313 37.4468408
-122.1404367 37.4484791
-122.1404377 37.4474664
-122.1404702 37.4479327
-122.1444571 37.4433462
-122.1402435 37.4485233
-122.1402773 37.447487
-122.1402178 37.4479481
-122.1400487 37.4479356
-122.143292 37.4427481
-122.1477488 37.4453202
-122.1506722 37.447077
-122.1493226 37.4462832
-122.1481167 37.4455178
-122.1501518 37.4470025
-122.145807 37.4448035
-122.1505269 37.4471881
-122.1479976 37.44563
-122.1504538 37.4473026
-122.1492162 37.446484
-122.1513578 37.4478011
-122.1513155 37.4477811
-122.1491272 37.4465778
-122.1512379 37.4477365
-122.1503217 37.447386
-122.1499787 37.4471644
-122.1512091 37.4477861
-122.1490404 37.4466573
-122.1502207 37.4474812
-122.1511279 37.4478574
-122.1460323 37.4450932
-122.1501163 37.4475866
-122.1510463 37.4479979
-122.1459503 37.4453502
-122.1509547 37.4481229
-122.150744 37.447971
-122.1471625 37.4459281
-122.1481375 37.4469826
-122.1459704 37.4455065
-122.1508299 37.4482409
-122.150738 37.4483297
-122.1500738 37.4477443
-122.1466146 37.4455045
-122.1506337 37.4484388
-122.1497392 37.4479236
-122.1407797 37.4437418
-122.1459123 37.4462087
-122.1504706 37.4485046
-122.1460676 37.4463822
-122.1466132 37.4459719
-122.1460522 37.4465029
-122.1400071 37.4427708
-122.140142 37.4433053
-122.1493562 37.4482881
-122.147773 37.4471984
-122.1465998 37.4465057
-122.1481344 37.4476066
-122.1465668 37.4466535
-122.1466334 37.4471076
-122.1480516 37.4476981
-122.1468666 37.4473108
-122.1476701 37.4473021
-122.1461276 37.4470358
-122.1467371 37.4474182
-122.1467371 37.4474182
-122.149188 37.4485423
-122.148511 37.4481905
-122.1475168 37.447477
-122.1479872 37.4478697
-122.1487144 37.4483249
-122.1461226 37.4470874
-122.1460872 37.4472902
-122.1465638 37.4473028
-122.1490813 37.4486342
-122.1478052 37.4479111
-122.1483865 37.4482962
-122.1486006 37.4484437
-122.1477255 37.4480388
-122.1466727 37.4475538
-122.1472743 37.4476895
-122.1460995 37.4474854
-122.1485581 37.4486011
-122.1476078 37.4481457
-122.1466232 37.4476787
-122.1471267 37.4478462
-122.1475199 37.448262
-122.1470124 37.4479615
-122.1466314 37.4478837
-122.1467606 37.4479906
-122.147406 37.448365
-122.1469354 37.4480628
-122.1466528 37.4480595
-122.1465795 37.4482771
-122.1461538 37.4480678
-122.147274 37.4484888
-122.1467855 37.448293
-122.1467262 37.4485261
-122.1471726 37.4486124
-122.1465606 37.4485589
-122.1461561 37.4485593
-122.1424901 37.4485425
-122.1425309 37.4484398
-122.1514662 37.4476163
-122.1400149 37.4485317
-122.148356 37.4485798
-122.150266 37.4482726
-122.1429206 37.4485136
-122.1512274 37.4474925
-122.1499212 37.4486204
-122.1482242 37.4485311
-122.1500999 37.4481992
-122.1400911 37.4483192
-122.1497565 37.4485416
-122.1510979 37.4474296
-122.1496279 37.4484699
-122.1451426 37.4483439
-122.1429692 37.4483529
-122.1494993 37.4483982
-122.1509061 37.4475678
-122.1446747 37.4483426
-122.1424323 37.4483222
-122.150973 37.4473384
-122.1479235 37.4485539
-122.1499951 37.4480956
-122.1508563 37.4472586
-122.145161 37.4481348
-122.144693 37.4481614
-122.1498622 37.44804
-122.1429498 37.4481564
-122.1400619 37.4481698
-122.1424421 37.4481897
-122.1477337 37.4485716
-122.1451531 37.4479395
-122.1447013 37.447953
