lon lat
-122.1499887 37.447410399906104
-122.14944689999999 37.44796479990618
-122.14939199999999 37.44802049990619

-122.14939199999999 37.44802049990619
-122.1493237 37.4480879999062
-122.1489019 37.44852299990626

-122.15058400000001 37.44680159990603
-122.1499887 37.447410399906104
-122.1499887 37.447410399906104

-122.14636350000002 37.44565349990587
-122.1463709 37.44614399990594

-122.15058400000001 37.44680159990603
-122.15040280000001 37.44669029990601
-122.14933449999998 37.44603379990592
-122.14933449999998 37.44603379990592

-122.14939199999999 37.44802049990619
-122.1492649 37.44794009990618
-122.1482148 37.4472763999061
-122.1481464 37.44723129990608

-122.14618650000001 37.44773519990615
-122.14489910000002 37.44771819990615
-122.14489910000002 37.44771819990615

-122.1427343 37.44771409990615
-122.1426458 37.44771549990617
-122.13986189999997 37.447695799906136
-122.13975709999998 37.447694699906144

-122.1499887 37.447410399906104
-122.1499052 37.44736069990609
-122.14879879999997 37.44670179990601
-122.1487205 37.44665269990601

-122.1427343 37.44771409990615
-122.1427391 37.44718019990607
-122.1427391 37.44718019990607

-122.14636350000002 37.44565349990587
-122.14625280000001 37.44565339990588
-122.1450017 37.44565309990587
-122.14490600000002 37.44565169990588

-122.1463709 37.44614399990594
-122.14500569999998 37.446137499905944
-122.14490519999998 37.44613699990594

-122.14636300000001 37.44665509990601
-122.14627770000001 37.44665489990601
-122.14582209999998 37.44665369990601

-122.14581179999996 37.447094499906065
-122.14581930000001 37.44678449990602
-122.14582209999998 37.44665369990601

-122.1464021 37.448787999906294
-122.14568900000002 37.4487842999063

-122.14489910000002 37.44771819990615
-122.1448989 37.44764199990614
-122.14490139999997 37.44718169990608

-122.14568900000002 37.4487842999063
-122.14497929999997 37.448781999906295

-122.14582209999998 37.44665369990601
-122.14500569999998 37.44665149990602
-122.14490349999997 37.44665119990601

-122.13975709999998 37.447694699906144
-122.13975480000002 37.44664239990601

-122.14490139999997 37.44718169990608
-122.1428043 37.44718019990607
-122.1427391 37.44718019990607

-122.14490349999997 37.44665119990601
-122.14490519999998 37.44613699990594
-122.14490519999998 37.44613699990594

-122.14490519999998 37.44613699990594
-122.14490780000001 37.44568659990588
-122.14490600000002 37.44565169990588

-122.1427391 37.44718019990607
-122.1427394 37.44673329990602
-122.1427394 37.446650299906004

-122.1449038 37.44878149990629
-122.1449025 37.448698199906296
-122.1448969 37.44824229990623

-122.1487205 37.44665269990601
-122.1483397 37.44703649990606
-122.1481464 37.44723129990608
-122.1481464 37.44723129990608

-122.14490139999997 37.44718169990608
-122.14490349999997 37.44665119990601
-122.14490349999997 37.44665119990601

-122.1422129 37.44664829990601
-122.14221239999998 37.44657089990599
-122.14220910000002 37.44615269990595

-122.14933449999998 37.44603379990592
-122.1492631 37.44610569990593
-122.1487205 37.44665269990601
-122.1487205 37.44665269990601

-122.1481464 37.44723129990608
-122.1480655 37.44718319990608
-122.1468854 37.44645429990599

-122.144212 37.446650899906004
-122.14421489999997 37.446274699905956

-122.1487205 37.44665269990601
-122.14866809999998 37.44659629990601
-122.1475814 37.4458978999059
-122.14749829999998 37.445844499905895

-122.14489910000002 37.44771819990615
-122.14285669999997 37.447714399906154
-122.1427343 37.44771409990615
-122.1427343 37.44771409990615

-122.14490349999997 37.44665119990601
-122.14480790000002 37.44665119990601
-122.144212 37.446650899906004

-122.14474040000002 37.44452339990574
-122.1437256 37.444517199905725

-122.14933449999998 37.44603379990592
-122.1483123 37.44539279990584
-122.1480915 37.44525439990583
-122.1480915 37.44525439990583

-122.14490600000002 37.44565169990588
-122.1448081 37.44565179990589
-122.1442027 37.44565229990588

-122.1448969 37.44824229990623
-122.1428016 37.44823409990622
-122.14272879999997 37.44823379990622

-122.14516470000001 37.44352939990561
-122.14481169999999 37.44376059990562
-122.14464599999998 37.44400989990566
-122.1447471 37.444380999905704
-122.1447471 37.444380999905704

-122.14094630000001 37.44612729990594
-122.13975049999998 37.44613529990594
-122.13975049999998 37.44613529990594

-122.14420999999999 37.445012399905806
-122.1442027 37.44565229990588
-122.1442027 37.44565229990588

-122.1442027 37.44565229990588
-122.14347 37.44564119990588

-122.14451780000002 37.4487780999063
-122.1433154 37.448774199906296
-122.1432153 37.4487735999063

-122.144212 37.446650899906004
-122.1427394 37.446650299906004

-122.14420999999999 37.445012399905806
-122.14346789999999 37.44501359990579
-122.14346789999999 37.44501359990579

-122.1422095 37.44613789990594
-122.14094630000001 37.44612729990594
-122.14094630000001 37.44612729990594

-122.14220910000002 37.44615269990595
-122.1427295 37.44615199990594

-122.13974799999998 37.446080699905934
-122.13976389999999 37.44561989990587

-122.1468854 37.44645429990599
-122.14696650000002 37.446375299905974
-122.14749829999998 37.445844499905895
-122.14749829999998 37.445844499905895

-122.14749829999998 37.445844499905895
-122.1480138 37.44533169990583
-122.1480915 37.44525439990583
-122.1480915 37.44525439990583

-122.1432153 37.4487735999063
-122.14305169999997 37.44877189990628
-122.14272679999998 37.44876419990629
-122.14272679999998 37.44876419990629

-122.14272879999997 37.44823379990622
-122.1427343 37.44771409990615
-122.1427343 37.44771409990615

-122.14347 37.44564119990588
-122.14346979999999 37.445569999905864
-122.14346789999999 37.44501359990579

-122.14096469999997 37.445627299905865
-122.1409713 37.4451303999058
-122.1409713 37.4451303999058

-122.14347 37.44564119990588
-122.1422893 37.44563869990588
-122.142203 37.44563809990587

-122.139764 37.445580599905874
-122.1397566 37.4451291999058

-122.14749829999998 37.445844499905895
-122.1474324 37.44580279990591
-122.1468135 37.445411599905846

-122.1480915 37.44525439990583
-122.1479225 37.44514779990581
-122.1474006 37.44481839990577

-122.1468854 37.44645429990599
-122.14645879999998 37.44618969990595
-122.1463709 37.44614399990594

-122.1449104 37.445007399905805
-122.14420999999999 37.445012399905806
-122.14420999999999 37.445012399905806

-122.14490600000002 37.44565169990588
-122.144908 37.44557329990585
-122.1449104 37.445007399905805

-122.14326159999999 37.44451459990572
-122.142507 37.444511099905725
-122.14246500000002 37.44451219990573

-122.142203 37.44563809990587
-122.1422036 37.44556549990586
-122.14220709999998 37.445139299905804

-122.1468135 37.445411599905846
-122.14735599999999 37.44486519990578
-122.1474006 37.44481839990577

-122.1449104 37.445007399905805
-122.14541709999997 37.44500559990581
-122.14541709999997 37.44500559990581

-122.1427394 37.446650299906004
-122.1422129 37.44664829990601

-122.1409713 37.4451303999058
-122.14220709999998 37.445139299905804
-122.14220709999998 37.445139299905804

-122.14272679999998 37.44876419990629
-122.14190619999998 37.44875849990629
-122.1411016 37.44875949990629
-122.1411016 37.44875949990629

-122.1422095 37.44613789990594
-122.14220550000002 37.44571479990588
-122.142203 37.44563809990587

-122.1397566 37.4451291999058
-122.1409713 37.4451303999058

-122.14220709999998 37.445139299905804
-122.1422075 37.44472619990575

-122.14346789999999 37.44501359990579
-122.1434708 37.444727299905765

-122.1449104 37.445007399905805
-122.14491239999998 37.44452449990573
-122.14491239999998 37.44452449990573

-122.1409713 37.4451303999058
-122.140969 37.44451199990573
-122.140969 37.44451199990573

-122.1422075 37.44472619990575
-122.14220879999999 37.44459309990574
-122.14220799999998 37.44451209990573

-122.14684810000001 37.444469799905725
-122.1467149 37.44460539990574
-122.14644910000001 37.44488289990577

-122.13974019999999 37.44349829990559
-122.14002160000001 37.4435000999056
-122.1401298 37.443379999905574
-122.1401298 37.443379999905574

-122.1422129 37.44664829990601
-122.1409564 37.446641399906

-122.14631619999999 37.444135099905665
-122.1461918 37.4442673999057
-122.1461567 37.444342899905706
-122.1461584 37.444481099905715
-122.14616269999999 37.44464419990573
-122.1461966 37.44470529990575
-122.14637829999998 37.444839099905785
-122.14644910000001 37.44488289990577

-122.142203 37.44563809990587
-122.142119 37.445637399905884
-122.14096469999997 37.445627299905865

-122.14194860000002 37.444511099905725
-122.140969 37.44451199990573

-122.1411016 37.44875949990629
-122.1400353 37.44875309990629
-122.13975949999997 37.448757799906296
-122.13975949999997 37.448757799906296

-122.14094630000001 37.44612729990594
-122.1409564 37.446641399906

-122.14096469999997 37.445627299905865
-122.13976389999999 37.44561989990587
-122.13976389999999 37.44561989990587

-122.1409564 37.446641399906
-122.13984849999999 37.446642799906016
-122.13975480000002 37.44664239990601

-122.13995959999998 37.44450269990572
-122.14001299999998 37.444678999905754
-122.14046269999996 37.444659999905745
-122.14049150000001 37.44459919990573
-122.14049230000002 37.44450339990573

-122.1441907 37.44278259990549
-122.1439734 37.44306259990553
-122.14393679999998 37.44319009990555
-122.1439739 37.44323869990555
-122.1442041 37.443254599905565
-122.14440800000001 37.443005999905516
-122.14445330000001 37.44295089990552

-122.13975949999997 37.448757799906296
-122.13975749999997 37.44861249990627
-122.13975709999998 37.447694699906144

-122.1441907 37.44278259990549
-122.1436127 37.44241199990545

-122.1510626 37.447109199906066
-122.1506651 37.446853699906036
-122.15058400000001 37.44680159990603

-122.15156779999998 37.44788159990618
-122.1517389 37.44815019990621
-122.1517389 37.44815019990621

-122.1517389 37.44815019990621
-122.1514697 37.44798079990619

-122.1514697 37.44798079990619
-122.15143040000001 37.448020799906196

-122.14644910000001 37.44488289990577
-122.14637559999998 37.44496769990579
-122.14636650000001 37.445128999905805
-122.14636650000001 37.445128999905805

-122.15143040000001 37.448020799906196
-122.15086769999999 37.44858939990627

-122.1468135 37.445411599905846
-122.14646940000002 37.44519399990582
-122.14636650000001 37.445128999905805
-122.14636650000001 37.445128999905805

-122.15036460000002 37.44863459990626
-122.15038419999999 37.44869089990629
-122.15038230000002 37.4487182999063
-122.1503684 37.448755699906286
-122.15032290000002 37.448793799906284
-122.15032290000002 37.448793799906284

-122.1463709 37.44614399990594
-122.14636300000001 37.44665509990601
-122.14636300000001 37.44665509990601

-122.14030289999997 37.44295959990553
-122.14007200000002 37.443025499905524

-122.1401298 37.443243399905555
-122.14007200000002 37.443025499905524
-122.14007200000002 37.443025499905524

-122.1481464 37.44723129990608
-122.147289 37.44809539990621
-122.1470018 37.44839829990623
-122.14698319999997 37.44849029990626
-122.1469805 37.44873169990628
-122.14696679999999 37.4487923999063

-122.14636300000001 37.44665509990601
-122.14637809999999 37.447640599906144
-122.14637809999999 37.447640599906144

-122.1489019 37.44852299990626
-122.1483739 37.44818719990621

-122.14946000000002 37.44879199990629
-122.14881839999998 37.44879049990629
-122.14881839999998 37.44879049990629

-122.14637809999999 37.447640599906144
-122.14627239999997 37.447645999906136
-122.1462175 37.44767149990614
-122.14619009999998 37.44770959990617
-122.14618650000001 37.44773519990615

-122.14881839999998 37.44879049990629
-122.147979 37.44878649990629

-122.14637809999999 37.447640599906144
-122.1463817 37.44782809990617
-122.1463817 37.44782809990617

-122.1463817 37.44782809990617
-122.14639089999999 37.44824359990622

-122.14639089999999 37.44824359990622
-122.14640179999999 37.44872909990629
-122.1464021 37.448787999906294

-122.14639089999999 37.44824359990622
-122.14499430000001 37.44824239990622
-122.1448969 37.44824229990623

-122.14272679999998 37.44876419990629
-122.1427271 37.44869119990627
-122.14272879999997 37.44823379990622

-122.1518389 37.44760809990612
-122.1515493 37.447421999906105
-122.1515493 37.447421999906105

-122.15036460000002 37.44863459990626
-122.1494723 37.448073199906204
-122.14939199999999 37.44802049990619

-122.1515014 37.4473911999061
-122.1510963 37.447130899906064

-122.15032290000002 37.448793799906284
-122.14946000000002 37.44879199990629
-122.14946000000002 37.44879199990629

-122.147979 37.44878649990629
-122.14696679999999 37.4487923999063
-122.14696679999999 37.4487923999063

-122.1510963 37.447130899906064
-122.1510626 37.447109199906066

-122.1448969 37.44824229990623
-122.14489879999999 37.44780219990616
-122.14489910000002 37.44771819990615

