lon lat
-122.1504692 37.4531598
-122.1518417 37.4539013
-122.151815 37.4539921
-122.1472049 37.4517113
-122.1504355 37.452609
-122.1533232 37.454693
-122.1504944 37.4533048
-122.1505526 37.4535508
-122.1410368 37.4540785
-122.1504085 37.4513912
-122.1465591 37.4490067
-122.1472218 37.4518587
-122.1501504 37.4525195
-122.1503648 37.4535552
-122.1500675 37.4535489
-122.1497589 37.4535609
-122.1500908 37.4511412
-122.146353 37.4489968
-122.1501837 37.4517374
-122.1497935 37.4533152
-122.153086 37.4549179
-122.1499977 37.452485
-122.1499921 37.4531011
-122.1497675 37.4530096
-122.1472079 37.4520941
-122.1426955 37.4544592
-122.1500196 37.451347
-122.1510599 37.4537737
-122.1540305 37.4555377
-122.1525194 37.4546285
-122.1461901 37.4489893
-122.15 37.4517726
-122.1515221 37.4541151
-122.1498326 37.452485
-122.1528972 37.455181
-122.1498435 37.4513598
-122.1459659 37.4490153
-122.1498388 37.4517891
-122.1498289 37.452127
-122.15237 37.4547442
-122.1496471 37.4524459
-122.1508983 37.453917
-122.1496777 37.4513619
-122.1507708 37.4540706
-122.1466854 37.4522254
-122.1458076 37.4490348
-122.1496891 37.4517805
-122.1495948 37.4510605
-122.1472096 37.4523138
-122.1494805 37.45309
-122.1493231 37.4522455
-122.1521614 37.4549571
-122.1526957 37.4554301
-122.1466994 37.4524952
-122.1537583 37.4556861
-122.1494927 37.4517794
-122.1471247 37.4525276
-122.1494528 37.4513732
-122.1519724 37.4551825
-122.1493281 37.4517766
-122.1490478 37.4534995
-122.1490593 37.4536069
-122.1490449 37.4524395
-122.1491058 37.4522108
-122.1535774 37.4559146
-122.1490715 37.4530729
-122.1490857 37.4514065
-122.1525059 37.4555908
-122.149041 37.4517501
-122.1488036 37.4535341
-122.1489638 37.4520795
-122.145573 37.4490472
-122.148784 37.4524724
-122.1451888 37.4490545
-122.1487762 37.4530572
-122.1488196 37.4530875
-122.1487705 37.4520832
-122.1452388 37.4563637
-122.1465399 37.4493174
-122.1465296 37.4500953
-122.1505925 37.4540251
-122.1487997 37.4518038
-122.1510758 37.4543784
-122.1520853 37.4558985
-122.1486001 37.452448
-122.1485276 37.4531072
-122.1471014 37.4530229
-122.1503167 37.4539855
-122.1508711 37.454535
-122.1506017 37.4545184
-122.1486616 37.4517574
-122.1504103 37.4545493
-122.1500217 37.453793
-122.1500263 37.4540731
-122.1486446 37.4520932
-122.1498703 37.4545811
-122.1483798 37.4524617
-122.1498188 37.454007
-122.1497171 37.4545722
-122.1484532 37.4517804
-122.1414795 37.4541201
-122.1496043 37.4540498
-122.1527494 37.4567372
-122.1484104 37.4520433
-122.1495601 37.454594
-122.1471798 37.4532188
-122.144336 37.4490212
-122.1492766 37.4545824
-122.1516844 37.4561509
-122.149409 37.4540438
-122.1482671 37.4530121
-122.1490324 37.454617
-122.1481436 37.4524566
-122.1492175 37.4540225
-122.1523907 37.4568481
-122.151318 37.4554809
-122.1482797 37.4531521
-122.1472171 37.4533198
-122.1442033 37.4490161
-122.1487903 37.4546109
-122.1521762 37.4568055
-122.1489953 37.4540256
-122.1482334 37.4518568
-122.1482481 37.4533022
-122.1440227 37.448995
-122.151192 37.4560955
-122.1487502 37.4540196
-122.1467042 37.4532891
-122.1479608 37.4532961
-122.1471852 37.4534448
-122.1484747 37.4514057
-122.1479196 37.4525048
-122.1479846 37.4523242
-122.1521125 37.4564549
-122.1522213 37.4565197
-122.1438503 37.44901
-122.147988 37.4530279
-122.1479016 37.4531296
-122.1485872 37.4545656
-122.14718 37.4535822
-122.1485855 37.4540318
-122.1479942 37.451788
-122.1485738 37.4535189
-122.1480029 37.4520807
-122.1479717 37.4513474
-122.1510626 37.4554717
-122.1474057 37.4536172
-122.1516586 37.4564486
-122.1436017 37.4490088
-122.147779 37.4530116
-122.1475459 37.4535705
-122.1477545 37.4525338
-122.1483748 37.4540411
-122.1483148 37.4545725
-122.1476518 37.4535623
-122.1478087 37.4534825
-122.1597115 37.4541866
-122.1480081 37.4535142
-122.1481805 37.4535031
-122.1476083 37.452994
-122.1481986 37.4540014
-122.1480242 37.4545882
-122.1477737 37.4513824
-122.1475535 37.4525003
-122.147988 37.4540381
-122.1508255 37.4555469
-122.1478199 37.4518275
-122.1434521 37.4489901
-122.147436 37.4529971
-122.1481823 37.4537077
-122.1518717 37.4567022
-122.1480059 37.4537249
-122.1475733 37.4513587
-122.1477658 37.4540351
-122.1473059 37.4525424
-122.1472483 37.4530032
-122.1477907 37.4546192
-122.1477759 37.4537478
-122.1475804 37.4537588
-122.1475514 37.4540413
-122.1514484 37.4568443
-122.1474082 37.4537516
-122.1471515 37.453753
-122.1476425 37.451797
-122.1475074 37.4545513
-122.1473445 37.4540444
-122.147204 37.4545107
-122.1471952 37.4540384
-122.1448365 37.4509462
-122.1465564 37.4497724
-122.1465056 37.4505424
-122.1436273 37.4501507
-122.1466609 37.4540788
-122.1466995 37.453722
-122.1466578 37.4530297
-122.1465055 37.4537168
-122.1600952 37.4540837
-122.14651 37.4533066
-122.1466814 37.4517139
-122.1466622 37.4545997
-122.1464896 37.4530099
-122.1465266 37.4525431
-122.1464094 37.452164
-122.1464991 37.4521783
-122.1596935 37.4540506
-122.1463342 37.4533034
-122.1464036 37.4540651
-122.1464889 37.4509094
-122.1464059 37.4517059
-122.1463143 37.4537322
-122.1466533 37.4513776
-122.1464217 37.4513708
-122.1463749 37.4545858
-122.1462569 37.4530008
-122.1462823 37.4525129
-122.1461826 37.4540832
-122.1461892 37.4521871
-122.1498314 37.4560146
-122.1462188 37.4517414
-122.1461492 37.4546235
-122.1472015 37.4546927
-122.1462543 37.450924
-122.146173 37.4513821
-122.1415208 37.4544591
-122.1459929 37.4533051
-122.14604 37.4537026
-122.1459431 37.453668
-122.146003 37.45253
-122.1458619 37.4546249
-122.1472141 37.4548331
-122.145973 37.4517268
-122.1459177 37.4521947
-122.1459007 37.4540743
-122.1465942 37.4549123
-122.1503866 37.4554546
-122.1457738 37.4537184
-122.1455938 37.4546231
-122.1457912 37.4532999
-122.1457944 37.4525342
-122.1459889 37.4509093
-122.1458096 37.4530009
-122.1458642 37.451401
-122.1605321 37.453342
-122.1426253 37.455099
-122.1457566 37.4517311
-122.1501644 37.4554337
-122.145705 37.4521769
-122.1456214 37.4540675
-122.1457148 37.450926
-122.1455465 37.4525511
-122.1466186 37.4551137
-122.1499421 37.4553945
-122.1455537 37.4530043
-122.1454728 37.4517451
-122.1453864 37.4516217
-122.1455491 37.4537504
-122.1455098 37.4514238
-122.1454178 37.4521972
-122.1455147 37.4533157
-122.1451977 37.4540984
-122.1466198 37.4552756
-122.1455226 37.4509342
-122.1496576 37.4550823
-122.1453458 37.4525553
-122.1453393 37.4530383
-122.145383 37.4546149
-122.1451682 37.4533092
-122.1449236 37.4540936
-122.1451629 37.4517617
-122.1495783 37.4554106
-122.1451384 37.4521986
-122.1452629 37.4514174
-122.145337 37.453735
-122.1447143 37.4541091
-122.1451632 37.4530021
-122.1448891 37.453327
-122.1451136 37.4525595
-122.1444627 37.4540052
-122.1449539 37.4530175
-122.144439 37.4546103
-122.1448813 37.452545
-122.1449776 37.4537306
-122.1449008 37.4517752
-122.1449035 37.4521878
-122.1492277 37.4559386
-122.1493395 37.4560152
-122.1601157 37.4538893
-122.1423128 37.454724
-122.149287 37.4553603
-122.1447188 37.4530331
-122.1449348 37.4513813
-122.1446308 37.4517241
-122.1447215 37.4537092
-122.1446873 37.4514006
-122.1488751 37.4559438
-122.1446075 37.4509164
-122.1446047 37.4533181
-122.1445744 37.4525622
-122.1489769 37.4553264
-122.1440752 37.4545801
-122.1444318 37.4514364
-122.1445067 37.4530198
-122.1444889 37.4537248
-122.1445183 37.4536748
-122.1471697 37.4558999
-122.1444803 37.4521988
-122.1603969 37.4532569
-122.1440211 37.4541126
-122.1486942 37.4553369
-122.1485642 37.4558674
-122.1442995 37.4533114
-122.1443961 37.4517407
-122.1442063 37.4509303
-122.1441334 37.4513721
-122.1443311 37.4530454
-122.1442948 37.4525511
-122.1442201 37.4537302
-122.1473497 37.4560721
-122.1439395 37.4513949
-122.1438061 37.4545855
-122.1441433 37.4517674
-122.1440652 37.452175
-122.1486894 37.4550582
-122.1436641 37.451412
-122.1440514 37.4533147
-122.1439465 37.4509246
-122.1439976 37.453725
-122.1440541 37.4530014
-122.1472439 37.4562619
-122.144015 37.4525085
-122.1437394 37.4540971
-122.1465501 37.4564382
-122.1439107 37.4517496
-122.1438212 37.4521564
-122.1485136 37.4550545
-122.148491 37.4548879
-122.1437175 37.4509528
-122.1436924 37.4530362
-122.1437712 37.4525285
-122.1436785 37.4517476
-122.1437238 37.4537035
-122.1437696 37.4533243
-122.1434443 37.4541619
-122.1434798 37.452961
-122.1485216 37.4552976
-122.1434227 37.4532683
-122.1435032 37.4524859
-122.1411815 37.4504087
-122.1412466 37.4556542
-122.1428278 37.4539988
-122.1406396 37.4560461
-122.1427676 37.453558
-122.1426903 37.4520625
-122.142585 37.4535033
-122.1479513 37.4558471
-122.1424452 37.4544183
-122.1424781 37.451979
-122.1410674 37.4554401
-122.1426076 37.4539036
-122.1426723 37.4515503
-122.142408 37.4534467
-122.1407481 37.4541966
-122.1412015 37.4501315
-122.1425422 37.4530719
-122.1482657 37.4552464
-122.1411368 37.4506412
-122.1405104 37.4556548
-122.1424104 37.4538418
-122.1422396 37.453382
-122.1422365 37.4519238
-122.1422305 37.4543226
-122.1422409 37.4537792
-122.1420146 37.4533392
-122.1403096 37.4554662
-122.1420216 37.4518153
-122.1409264 37.4552506
-122.1424259 37.4514775
-122.1420177 37.4542608
-122.1420485 37.4528719
-122.1419943 37.453714
-122.1421548 37.4513535
-122.1479499 37.4552156
-122.1418336 37.4532632
-122.1417816 37.4517388
-122.1417518 37.4541609
-122.1418392 37.4528161
-122.1416227 37.4531922
-122.1403632 37.4552084
-122.1477133 37.4557726
-122.1418569 37.4536529
-122.1419259 37.4512879
-122.141644 37.4527502
-122.1416791 37.453607
-122.1414457 37.4531356
-122.1408139 37.4501119
-122.1407466 37.4505526
-122.1399272 37.455069
-122.1415848 37.4515804
-122.1414551 37.4527082
-122.1414454 37.4535539
-122.1417272 37.4511951
-122.1412497 37.4530803
-122.1405899 37.4489957
-122.1412536 37.4534849
-122.141053 37.4530175
-122.140775 37.4538621
-122.1413447 37.4515449
-122.1414651 37.4510823
-122.1409744 37.4525696
-122.1402152 37.4545166
-122.141096 37.4533952
-122.147615 37.4552204
-122.1408705 37.4529628
-122.1396577 37.454827
-122.1405511 37.4537999
-122.1402655 37.4536481
-122.141111 37.4514558
-122.1407773 37.452472
-122.1398779 37.4543097
-122.1408654 37.4533543
-122.141246 37.4510348
-122.1406785 37.4528905
-122.1400905 37.453934
-122.1406979 37.4524516
-122.1407333 37.4532903
-122.1404164 37.4528396
-122.1393724 37.4546157
-122.1409024 37.4513711
-122.1472873 37.4557532
-122.1405722 37.4500472
-122.1405287 37.4523619
-122.1404926 37.4532637
-122.1410105 37.4509487
-122.1471841 37.4551879
-122.1403786 37.450451
-122.1391825 37.4547429
-122.140162 37.4531816
-122.1402473 37.4527673
-122.1409878 37.4519711
-122.1410005 37.4521507
-122.1403335 37.4523143
-122.1399177 37.4530789
-122.1391089 37.4544852
-122.1400679 37.4527246
-122.1388227 37.4544195
-122.1408 37.4521157
-122.1406812 37.4513116
-122.1401304 37.4522459
-122.1410587 37.4518008
-122.1407995 37.4508554
-122.1392374 37.4534357
-122.1396647 37.4529634
-122.1398704 37.452636
-122.1399793 37.4521831
-122.1389963 37.453761
-122.1408556 37.451659
-122.1405223 37.4520288
-122.1405819 37.4520814
-122.1404821 37.4512444
-122.1394932 37.4528868
-122.140529 37.4507933
-122.1403895 37.4489909
-122.1404447 37.4491973
-122.1397099 37.452592
-122.1385484 37.4543674
-122.1384207 37.4545233
-122.139762 37.4521066
-122.1406025 37.4515958
-122.1390112 37.4533003
-122.1403114 37.4519397
-122.1387048 37.453763
-122.1392726 37.4528246
-122.1395273 37.4525373
-122.1402617 37.4511924
-122.1402245 37.449978
-122.1395582 37.4520489
-122.140405 37.4515255
-122.1403131 37.4507267
-122.1400396 37.4503321
-122.1401217 37.4518901
-122.1390711 37.4527794
-122.1393133 37.4524726
-122.1384231 37.4537671
-122.140235 37.4514823
-122.1402125 37.4489968
-122.1382165 37.4543429
-122.1388072 37.4532363
-122.1399289 37.4518286
-122.1400516 37.451129
-122.1393528 37.4519943
-122.1389105 37.4527194
-122.140078 37.4506692
-122.1391284 37.4524135
-122.1400154 37.4514013
-122.1385556 37.4531371
-122.1397376 37.451764
-122.1391501 37.4519337
-122.1380797 37.4537516
-122.1386854 37.4526521
-122.1389341 37.4523368
-122.1398564 37.4510449
-122.1398226 37.4513399
-122.139923 37.4505852
-122.1395424 37.4516981
-122.1385041 37.452604
-122.1387287 37.4522639
-122.1379396 37.4542372
-122.1383085 37.4531807
-122.1389616 37.4518732
-122.1396069 37.4512784
-122.1393535 37.4516379
-122.1396258 37.450986
-122.1383001 37.45254
-122.1396382 37.4505436
-122.1385391 37.4522143
-122.1385256 37.452359
-122.138521 37.4521265
-122.1399112 37.4499091
-122.1378637 37.4536608
-122.1394149 37.4512244
-122.1397276 37.450265
-122.1375036 37.4541927
-122.1380946 37.4530656
-122.1391442 37.4515639
-122.1394558 37.4509063
-122.1381238 37.4524596
-122.1392 37.4511523
-122.1394366 37.4504566
-122.1389702 37.4515194
-122.1386058 37.4517453
-122.1374539 37.4535678
-122.1390394 37.4510902
-122.1372394 37.4541134
-122.1387861 37.4514706
-122.1465714 37.4558798
-122.1421089 37.4549002
-122.1462395 37.4553591
-122.1460693 37.4550025
-122.1462967 37.4559479
-122.1460236 37.4560546
-122.1459047 37.4554385
-122.1413617 37.4546532
-122.1456094 37.4555941
-122.1453127 37.4556436
-122.1458469 37.4565985
-122.144918 37.456008
-122.1406482 37.4543795
-122.1450554 37.4564436
-122.144568 37.456049
-122.1423796 37.4553322
-122.1447635 37.4565942
-122.1442545 37.4562164
-122.1452364 37.4566027
-122.1418622 37.4550268
-122.1437177 37.4564197
-122.1434545 37.4565023
-122.1444974 37.4566897
-122.144181 37.4568722
-122.1432318 37.4566082
-122.1438548 37.4569619
-122.1412268 37.4548096
-122.1436275 37.4570894
-122.1426092 37.4575126
-122.1408281 37.4549944
-122.1417215 37.4573135
-122.1424224 37.4576651
-122.1423896 37.4577453
-122.1404198 37.4546705
-122.1416706 37.455177
-122.145758 37.4562399
-122.1467064 37.4505208
-122.1601498 37.4535162
-122.1415069 37.455373
-122.1602483 37.4531632
-122.1436527 37.4497657
-122.1452884 37.4509543
-122.146334 37.4492849
-122.1462943 37.450082
-122.1596587 37.4539114
-122.1600996 37.4530696
-122.1600011 37.4534225
-122.1596473 37.4537614
-122.1595763 37.4535975
-122.159866 37.4533374
-122.1463121 37.4497593
-122.1462895 37.4505925
-122.1438004 37.4500389
-122.1597444 37.4532607
-122.15936 37.4534613
-122.1598969 37.4529419
-122.1596092 37.4531756
-122.1594606 37.4530819
-122.1597212 37.4528312
-122.159339 37.4530053
-122.1591979 37.4533591
-122.1414291 37.4566787
-122.1595861 37.452746
-122.141261 37.4563638
-122.1590627 37.4532739
-122.1452087 37.456871
-122.1594358 37.4526099
-122.1589276 37.4531888
-122.1591903 37.4529116
-122.1411179 37.4568589
-122.1590687 37.452835
-122.1409795 37.4565971
-122.1456109 37.4569916
-122.1460349 37.4492875
-122.1460583 37.4500451
-122.1439772 37.4505825
-122.1582896 37.4529028
-122.1588212 37.4523396
-122.1585863 37.4525767
-122.1587062 37.4522115
-122.1436448 37.449295
-122.1461022 37.4498008
-122.146052 37.4505841
-122.1440857 37.4500743
-122.1584328 37.4525148
-122.1578932 37.45308
-122.1581544 37.4528177
-122.158458 37.4522342
-122.1583112 37.4524382
-122.1577141 37.4530327
-122.1580193 37.4527325
-122.1586051 37.4521119
-122.1584637 37.4520431
-122.1581768 37.4523495
-122.1576092 37.4529268
-122.1580417 37.4522644
-122.1578081 37.4526379
-122.1583311 37.4519365
-122.1573905 37.4528167
-122.1581851 37.4518722
-122.1579249 37.4521559
-122.1576282 37.4524769
-122.1574695 37.452385
-122.1580634 37.4517911
-122.1500533 37.4545738
-122.1577897 37.4520708
-122.1570651 37.4531087
-122.1567504 37.4529357
-122.1504471 37.454723
-122.1442458 37.4504455
-122.1454377 37.4575042
-122.1548353 37.4551071
-122.1506934 37.4569026
-122.157172 37.4522067
-122.1501094 37.4570135
-122.1568594 37.4524998
-122.1554953 37.4535844
-122.1501226 37.4568053
-122.1577544 37.451581
-122.1543928 37.4553814
-122.157037 37.452101
-122.1449887 37.4570833
-122.143839 37.4497846
-122.1458836 37.4494082
-122.1459007 37.4502212
-122.156749 37.4524212
-122.1576058 37.4514874
-122.1533955 37.4561403
-122.1572627 37.4517387
-122.1569154 37.4520244
-122.1549914 37.4538718
-122.1531333 37.4559897
-122.1532972 37.4559269
-122.1484961 37.456979
-122.1490125 37.4568949
-122.147943 37.4564527
-122.1438369 37.4492959
-122.1458745 37.4496275
-122.1458616 37.4504616
-122.1442783 37.4501821
-122.1566139 37.452336
-122.1545725 37.4549121
-122.1496645 37.4568593
-122.1485205 37.4566121
-122.152983 37.4564696
-122.1561848 37.4526011
-122.1571546 37.4516706
-122.1527795 37.4562971
-122.1478494 37.4562695
-122.1553175 37.4534425
-122.1567667 37.4519307
-122.1559953 37.4528143
-122.1540963 37.4551622
-122.1573881 37.4514147
-122.1572901 37.4515418
-122.15706 37.451611
-122.1564787 37.4522509
-122.1497374 37.456442
-122.1485348 37.4563085
-122.1560063 37.4524711
-122.1569412 37.4515536
-122.1563197 37.4521495
-122.1572331 37.4512875
-122.1547624 37.453815
-122.152535 37.4562047
-122.1529448 37.4558412
-122.1543385 37.4547377
-122.1507507 37.4566407
-122.1491044 37.4565012
-122.1566343 37.4518786
-122.1558711 37.4523859
-122.153891 37.4550433
-122.149112 37.4562585
-122.1538234 37.4550007
-122.1546429 37.4536697
-122.1523755 37.4560691
-122.1537559 37.4549581
-122.1502265 37.4565425
-122.15125 37.456581
-122.1452333 37.4576959
-122.1541515 37.4546206
-122.1498181 37.4562012
-122.1508559 37.456304
-122.1535858 37.4548994
-122.1539353 37.4544844
-122.1502386 37.4562294
-122.1567935 37.4514677
-122.1499711 37.4548423
-122.1536571 37.4543441
-122.1536784 37.4542625
-122.1508458 37.4560964
-122.1567278 37.4514367
-122.1565205 37.4517787
-122.1566502 37.4514058
-122.1569719 37.4510625
-122.1566039 37.4513579
-122.1565392 37.4513238
-122.156866 37.4509998
-122.1430262 37.4567685
-122.1560504 37.4510057
-122.1560504 37.4510057
-122.1560504 37.4510057
-122.1560504 37.4510057
-122.1560504 37.4510057
-122.1560504 37.4510057
-122.1560504 37.4510057
-122.1560504 37.4510057
-122.1560504 37.4510057
-122.1560504 37.4510057
-122.1560504 37.4510057
-122.1448695 37.4558832
-122.1527211 37.4544127
-122.1446356 37.4572291
-122.1445468 37.4571709
-122.1504471 37.4549431
-122.1441223 37.4560442
-122.1436427 37.4562537
-122.1515372 37.45541
-122.1423062 37.4569424
-122.1447916 37.4557468
-122.1557863 37.450831
-122.145 37.4577535
-122.1451957 37.4553784
-122.1434518 37.4561082
-122.1431575 37.4561349
-122.1513676 37.455154
-122.1421672 37.4566718
-122.154902 37.4517587
-122.1446983 37.4556134
-122.1440652 37.4558609
-122.1540263 37.4526578
-122.1524556 37.4542522
-122.1548253 37.4516426
-122.1426583 37.4563735
-122.1433299 37.4559123
-122.1431926 37.4560565
-122.1439236 37.4556616
-122.1445429 37.4554649
-122.1556468 37.4507436
-122.1451084 37.4551414
-122.1551665 37.4514687
-122.1420313 37.4564869
-122.1555434 37.4510821
-122.1438146 37.4555176
-122.1551934 37.4514371
-122.1431877 37.4557869
-122.155516 37.4511048
-122.1444944 37.4552815
-122.1442536 37.4553874
-122.1552132 37.451409
-122.1513652 37.4550014
-122.1554893 37.4511346
-122.1552374 37.4513872
-122.1554561 37.4511567
-122.1424902 37.4561026
-122.1444449 37.4551205
-122.1555131 37.4506573
-122.1529982 37.4539811
-122.1450143 37.4549503
-122.1431299 37.4556466
-122.1512176 37.4548532
-122.1522104 37.4541083
-122.1559679 37.4505012
-122.1559294 37.4503975
-122.1558452 37.4504911
-122.1561039 37.4504936
-122.1559997 37.4506
-122.1560394 37.4504525
-122.1560394 37.4504525
-122.1559997 37.4506
-122.1558452 37.4504911
-122.1418671 37.4562582
-122.1444277 37.4549515
-122.15 37.4550344
-122.1437097 37.455342
-122.1517303 37.4546474
-122.1449228 37.4547607
-122.1431092 37.4554619
-122.1512072 37.4547356
-122.1423625 37.4559529
-122.1520347 37.4539976
-122.151983 37.4543291
-122.1436406 37.4551352
-122.1516674 37.4544706
-122.1519319 37.4544276
-122.1429563 37.4553262
-122.1511569 37.4545419
-122.1556318 37.4502543
-122.1556318 37.4502543
-122.1556318 37.4502543
-122.1556318 37.4502543
-122.1556318 37.4502543
-122.1556318 37.4502543
-122.1556318 37.4502543
-122.1556318 37.4502543
-122.1556318 37.4502543
-122.1556318 37.4502543
-122.1556318 37.4502543
-122.1556318 37.4502543
-122.1423123 37.4557827
-122.152636 37.453726
-122.1435068 37.4550159
-122.1516502 37.4543126
-122.137842 37.4529199
-122.1449487 37.4545703
-122.1451987 37.4546168
-122.1417787 37.4559289
-122.1434561 37.4547981
-122.1429406 37.455116
-122.1434469 37.4545936
-122.1422013 37.455557
-122.1429042 37.4549294
-122.1552348 37.4499986
-122.1539463 37.4511904
-122.1548246 37.4502101
-122.1503255 37.4551849
-122.1505598 37.4551279
-122.1440851 37.4497734
-122.1454377 37.4506733
-122.1434183 37.454031
-122.1550997 37.4499135
-122.1546732 37.4500971
-122.1543524 37.4504486
-122.1537923 37.4510541
-122.1536471 37.4511721
-122.1545515 37.4500205
-122.1541203 37.4507049
-122.1534479 37.4512328
-122.1549645 37.4498283
-122.1535632 37.4509458
-122.1514387 37.4535837
-122.154228 37.4503526
-122.1523862 37.4521852
-122.1539717 37.4506112
-122.1527849 37.451811
-122.1547629 37.4497587
-122.1522319 37.452053
-122.1544057 37.4499461
-122.1512634 37.4534416
-122.1546413 37.4496821
-122.1545737 37.4496395
-122.144506 37.4578593
-122.1542706 37.4498609
-122.1525396 37.4517683
-122.1525396 37.4517683
-122.1540822 37.4502783
-122.1533923 37.4508412
-122.1545061 37.4495969
-122.1538152 37.4505476
-122.1525104 37.451698
-122.1429165 37.4537212
-122.1510981 37.4533515
-122.1539606 37.4502016
-122.1520967 37.4519678
-122.1434037 37.4538147
-122.1537177 37.4504687
-122.1514528 37.4529273
-122.1509039 37.4532816
-122.1512856 37.4528745
-122.1447781 37.4505614
-122.1510587 37.452749
-122.1508058 37.4531148
-122.1534616 37.4503948
-122.1383027 37.4522009
-122.1384433 37.4520911
-122.1540252 37.4497763
-122.1435322 37.4505113
-122.1515179 37.451533
-122.1543388 37.4494973
-122.1539804 37.4492403
-122.144318 37.457319
-122.1454034 37.4504503
-122.1606937 37.4534834
-122.1538452 37.4491551
-122.1425066 37.45286
-122.1420501 37.4526322
-122.1592615 37.4526055
-122.159434 37.4527194
-122.1593877 37.452763
-122.1593756 37.4526797
-122.1592815 37.4526696
-122.1593164 37.4525709
-122.159355 37.4526948
-122.1528989 37.4488382
-122.1425459 37.4526931
-122.1537101 37.44907
-122.1425424 37.4525782
-122.1576116 37.4516901
-122.1516668 37.4511299
-122.1563226 37.450738
-122.1563226 37.450738
-122.1563226 37.450738
-122.1563226 37.450738
-122.1541677 37.4496696
-122.1531309 37.4491359
-122.1535999 37.4492134
-122.142536 37.4524236
-122.1553943 37.4504682
-122.1574999 37.4518098
-122.1415872 37.4524629
-122.1428859 37.4531677
-122.1523733 37.4501872
-122.1528058 37.4489652
-122.1567263 37.4512283
-122.1423404 37.4522626
-122.1590034 37.4523757
-122.1523797 37.4486798
-122.1535987 37.4489776
-122.1512183 37.451382
-122.1536591 37.4494707
-122.1428831 37.4529616
-122.153452 37.4491587
-122.1421232 37.4522589
-122.1549271 37.4503119
-122.1603236 37.4536353
-122.155256 37.4505713
-122.1528594 37.4491762
-122.1523495 37.4488067
-122.1574038 37.4519067
-122.1428842 37.4528028
-122.1530227 37.4492791
-122.1419099 37.4521836
-122.1527102 37.4498474
-122.1521903 37.4487237
-122.1515365 37.451029
-122.152249 37.4501225
-122.1520997 37.4503041
-122.1527107 37.4490641
-122.1534375 37.4488896
-122.1535483 37.4495883
-122.1520794 37.4486362
-122.1428813 37.4526068
-122.1516133 37.4482759
-122.1518557 37.4504965
-122.1533081 37.4490906
-122.141721 37.4521052
-122.1527543 37.4496143
-122.1520128 37.4485041
-122.1434889 37.4521691
-122.1587324 37.4526667
-122.1525686 37.4497666
-122.1518748 37.4484093
-122.1429036 37.452448
-122.1526113 37.4491507
-122.1533174 37.4487783
-122.1415274 37.4519998
-122.1534668 37.449658
-122.1517908 37.4485065
-122.1527533 37.4492093
-122.1532686 37.4488293
-122.1534336 37.4496923
-122.1524586 37.4496585
-122.1516732 37.4486249
-122.160253 37.4541333
-122.1531996 37.4489134
-122.1412662 37.452081
-122.1515769 37.4487218
-122.1531512 37.4489517
-122.1517258 37.4488062
-122.1510316 37.4512378
-122.141158 37.4522536
-122.1532817 37.4497785
-122.1546066 37.4505319
-122.1518897 37.4488493
-122.1602451 37.4543818
-122.1555384 37.4514073
-122.1429613 37.4522026
-122.1513711 37.4483761
-122.1588283 37.453078
-122.1523235 37.4495733
-122.1520833 37.4488314
-122.1558548 37.4513099
-122.1410843 37.4524057
-122.1522318 37.4489252
-122.1597339 37.4542998
-122.1558155 37.4513468
-122.1512642 37.4484837
-122.1538241 37.4500164
-122.1550814 37.4508193
-122.1527879 37.4494581
-122.156358 37.4516328
-122.1557733 37.4513841
-122.1524779 37.4492697
-122.1434189 37.4517678
-122.1584355 37.4529936
-122.1523972 37.4493948
-122.1530954 37.4486884
-122.1530954 37.4486884
-122.1530954 37.4486884
-122.1530954 37.4486884
-122.1530954 37.4486884
-122.1530954 37.4486884
-122.1530954 37.4486884
-122.1440302 37.4578214
-122.1520439 37.4489816
-122.1569957 37.4523848
-122.1556813 37.4511859
-122.1587026 37.4532005
-122.1536357 37.4501403
-122.1572996 37.4525928
-122.154518 37.4506291
-122.1520144 37.4491165
-122.1556487 37.4512232
-122.1525879 37.4495244
-122.1531963 37.4498997
-122.1522019 37.4494967
-122.1556176 37.4512596
-122.1511572 37.4485914
-122.1535365 37.4502765
-122.1549639 37.4509378
-122.156149 37.4517915
-122.1544539 37.4506937
-122.1593474 37.4544146
-122.155589 37.4512896
-122.1582287 37.4531709
-122.151892 37.4492231
-122.1429453 37.4516456
-122.1548357 37.4510394
-122.1571951 37.4527297
-122.1593119 37.4542279
-122.1553841 37.4512268
-122.1512525 37.4509228
-122.1553418 37.4512625
-122.1520578 37.4500185
-122.1549537 37.4512821
-122.154907 37.4512434
-122.1547538 37.4511708
-122.1531135 37.4499954
-122.1592743 37.4540723
-122.1553131 37.4512943
-122.1529038 37.4499086
-122.1552951 37.451323
-122.1542695 37.4508576
-122.1517851 37.4493307
-122.1391989 37.4508464
-122.1592355 37.4539398
-122.1554356 37.4514554
-122.150978 37.4488043
-122.1592463 37.453806
-122.1554133 37.4514863
-122.1591801 37.4536711
-122.155377 37.4515228
-122.1590455 37.4534906
-122.1553466 37.4515681
-122.1529355 37.4500526
-122.1589481 37.4534117
-122.1559658 37.4519284
-122.1434126 37.4514728
-122.1587206 37.4533251
-122.1586166 37.4532891
-122.1555756 37.4515769
-122.1555393 37.4516101
-122.155508 37.4516381
-122.158033 37.4531374
-122.1554769 37.4516653
-122.1436869 37.4577051
-122.155141 37.4519494
-122.155141 37.4519494
-122.155141 37.4519494
-122.155141 37.4519494
-122.155141 37.4519494
-122.155141 37.4519494
-122.155141 37.4519494
-122.155141 37.4519494
-122.155141 37.4519494
-122.1531543 37.4506348
-122.1518366 37.4498796
-122.1525385 37.4484485
-122.1525385 37.4484485
-122.1525385 37.4484485
-122.1525385 37.4484485
-122.1525385 37.4484485
-122.1525385 37.4484485
-122.1525385 37.4484485
-122.1525385 37.4484485
-122.1525385 37.4484485
-122.1525385 37.4484485
-122.1525385 37.4484485
-122.1525385 37.4484485
-122.1525385 37.4484485
-122.1434169 37.4509249
-122.1515201 37.4496972
-122.1505233 37.4490368
-122.1527638 37.4503382
-122.155745 37.4522425
-122.1504316 37.4492388
-122.1439677 37.4573507
-122.1442641 37.4496548
-122.1451258 37.4503446
-122.1563701 37.4527414
-122.1502938 37.4490146
-122.1530636 37.4507571
-122.151385 37.449612
-122.1544946 37.4514721
-122.1504347 37.4493629
-122.1526325 37.4504483
-122.1525121 37.4503251
-122.1550539 37.4521125
-122.1550252 37.452142
-122.1556595 37.4523286
-122.1504479 37.4494951
-122.1550065 37.4521605
-122.1556578 37.4525634
-122.1516237 37.4491498
-122.1549742 37.4521882
-122.1512363 37.4495183
-122.1517523 37.4500422
-122.1556958 37.4525867
-122.1448174 37.4503528
-122.150434 37.4496165
-122.1525634 37.450562
-122.1537459 37.4514091
-122.1568117 37.4531596
-122.154955 37.4522073
-122.1543529 37.4515928
-122.1557365 37.4526112
-122.1549208 37.4522354
-122.1529517 37.4508491
-122.1557797 37.4526316
-122.1547857 37.4519377
-122.1501041 37.4490517
-122.1545135 37.451805
-122.1558276 37.4526572
-122.1503999 37.4497378
-122.1512603 37.4498699
-122.1547579 37.4519659
-122.1511012 37.4494332
-122.1542485 37.4517203
-122.1564552 37.4532203
-122.1523378 37.4482204
-122.1554922 37.4524427
-122.1501304 37.4497506
-122.1514792 37.4490946
-122.1547285 37.4519932
-122.1528082 37.4510014
-122.152966 37.4510799
-122.1554553 37.4524731
-122.1501227 37.4496077
-122.1524208 37.450666
-122.1536147 37.4514959
-122.1561643 37.4529268
-122.156699 37.4532156
-122.1546985 37.4520226
-122.1544513 37.4520057
-122.1516433 37.4501655
-122.1553538 37.4525513
-122.1501274 37.4494681
-122.1511285 37.449972
-122.1546745 37.4520436
-122.1499081 37.449024
-122.1527274 37.4511113
-122.1527699 37.4511783
-122.1541552 37.4518366
-122.1553895 37.4525779
-122.1499243 37.4494641
-122.154648 37.4520741
-122.1509144 37.4496826
-122.1498351 37.4492015
-122.1509256 37.4493225
-122.1515335 37.4502815
-122.1564095 37.4533438
-122.1522025 37.4481383
-122.1554268 37.4526001
-122.1499483 37.4495826
-122.1523073 37.4507538
-122.1545726 37.4521648
-122.155472 37.4526247
-122.1498691 37.4497898
-122.1558815 37.4530117
-122.1560434 37.4530903
-122.1545514 37.4521857
-122.1555258 37.4526588
-122.1501213 37.4498943
-122.1535564 37.4516481
-122.1510106 37.4500794
-122.1565861 37.4533161
-122.1545301 37.4522071
-122.1555897 37.4526986
-122.150403 37.4500603
-122.1522156 37.4508721
-122.1513598 37.4489759
-122.1545041 37.4522317
-122.1497252 37.449053
-122.1497394 37.4493568
-122.1514266 37.4503891
-122.155642 37.4527251
-122.1504563 37.4501722
-122.1519484 37.4507209
-122.1544723 37.4522618
-122.1556742 37.4527572
-122.1501048 37.450169
-122.1517167 37.4506687
-122.1558805 37.4531926
-122.154443 37.4522944
-122.1499748 37.450333
-122.1548577 37.4523201
-122.1504424 37.4503394
-122.1434058 37.4500443
-122.1521614 37.4510262
-122.1512066 37.4489154
-122.1533511 37.451704
-122.1557703 37.4532993
-122.1564165 37.4535583
-122.1412666 37.4497701
-122.1548226 37.4523455
-122.1424229 37.4497668
-122.1513197 37.4504968
-122.1562177 37.4534148
-122.1552675 37.4527357
-122.1521283 37.4509674
-122.153049 37.4514196
-122.1509019 37.4502703
-122.1547963 37.4523651
-122.1495122 37.4490144
-122.1525991 37.4512404
-122.1512321 37.4506014
-122.1519552 37.447935
-122.1518272 37.4478504
-122.1520691 37.4479828
-122.151939 37.448081
-122.1518804 37.4481401
-122.151846 37.4481994
-122.1410255 37.4498027
-122.1547669 37.4523967
-122.1494842 37.4491761
-122.1538751 37.4519999
-122.1547379 37.4524244
-122.1495375 37.4493139
-122.1518531 37.4509692
-122.1547039 37.4524529
-122.1524771 37.4513577
-122.1511251 37.4507091
-122.1560957 37.453545
-122.1433906 37.4497875
-122.1520152 37.4510959
-122.1532352 37.4518344
-122.1557093 37.4533943
-122.1400921 37.4496304
-122.1563424 37.4537216
-122.1544939 37.4526344
-122.1493126 37.449011
-122.1408433 37.4497228
-122.155042 37.4529472
-122.155042 37.4529472
-122.155042 37.4529472
-122.155042 37.4529472
-122.155042 37.4529472
-122.155042 37.4529472
-122.155042 37.4529472
-122.155042 37.4529472
-122.155042 37.4529472
-122.155042 37.4529472
-122.155042 37.4529472
-122.155042 37.4529472
-122.155042 37.4529472
-122.155042 37.4529472
-122.1555608 37.4533778
-122.1523714 37.4514784
-122.1536071 37.4522851
-122.1510132 37.4508233
-122.1503846 37.4504472
-122.1491469 37.4489968
-122.1408189 37.4494661
-122.1502049 37.4505926
-122.1531038 37.4520525
-122.1556337 37.4534799
-122.141281 37.4493131
-122.1559866 37.453655
-122.1504298 37.4507244
-122.1504303 37.4508834
-122.1548725 37.4531484
-122.1548725 37.4531484
-122.1548725 37.4531484
-122.1548725 37.4531484
-122.1548725 37.4531484
-122.1548725 37.4531484
-122.1548725 37.4531484
-122.1548725 37.4531484
-122.1548725 37.4531484
-122.1548725 37.4531484
-122.1548725 37.4531484
-122.1548725 37.4531484
-122.1548725 37.4531484
-122.1548725 37.4531484
-122.1500468 37.4507237
-122.1522692 37.4515761
-122.140787 37.4492984
-122.1433675 37.4576291
-122.1499904 37.4508729
-122.143405 37.4493259
-122.1518976 37.4512144
-122.1400393 37.449382
-122.1562192 37.4538015
-122.1543101 37.4528261
-122.155904 37.4537419
-122.1504272 37.4510076
-122.1408212 37.4491404
-122.1499253 37.4510157
-122.1504173 37.4511264
-122.1518014 37.4513112
-122.1399903 37.4491599
-122.1413017 37.4490116
-122.1408187 37.4489419
-122.140772 37.4489077
-122.139982 37.4489645
-122.1467406 37.4493003
-122.1527452 37.4523293
-122.1467403 37.4490228
-122.1537816 37.4531721
-122.1519177 37.4518577
-122.1486083 37.4490876
-122.1489975 37.4490208
-122.1532551 37.4527222
-122.1544815 37.4535006
-122.1434521 37.4571567
-122.150446 37.4517036
-122.1472106 37.4492203
-122.1514544 37.4516487
-122.1483849 37.4489826
-122.1483694 37.4491542
-122.1472103 37.449347
-122.1481645 37.4493216
-122.1485705 37.4493303
-122.1513536 37.4517706
-122.149169 37.4493323
-122.1481346 37.4490309
-122.1542805 37.4537418
-122.1486141 37.4494967
-122.1504396 37.4518412
-122.1525096 37.4524784
-122.1552113 37.4539766
-122.1471929 37.4495251
-122.1483667 37.4494845
-122.1508744 37.4513236
-122.1490809 37.4495227
-122.1517944 37.4521294
-122.1530038 37.4529314
-122.1471825 37.4496356
-122.1478329 37.449634
-122.148488 37.4496381
-122.150423 37.4519464
-122.1511976 37.4519281
-122.152163 37.45254
-122.1467202 37.4497769
-122.1547952 37.4540911
-122.1490399 37.4496629
-122.1472058 37.4497732
-122.1500625 37.4519934
-122.1493384 37.4496281
-122.148593 37.4497916
-122.1496143 37.4496344
-122.1509265 37.4514336
-122.1472021 37.4499135
-122.1481429 37.4498071
-122.1500411 37.4521143
-122.1493456 37.4498072
-122.1476758 37.4499062
-122.1485822 37.4500479
-122.1504268 37.4521109
-122.1524468 37.4527189
-122.1490565 37.4497924
-122.1516205 37.4522823
-122.1472293 37.4500573
-122.1476977 37.4500635
-122.1541695 37.4540009
-122.1481052 37.4500148
-122.1521436 37.4528254
-122.1491988 37.4499008
-122.1490695 37.4500271
-122.150417 37.4522512
-122.1510407 37.4520938
-122.1495899 37.4499951
-122.1515227 37.4523897
-122.1472115 37.4501968
-122.1491029 37.4501971
-122.1509442 37.4516372
-122.1495597 37.4501924
-122.1504343 37.4523583
-122.1467087 37.4500528
-122.1544589 37.4543478
-122.1534281 37.4535933
-122.1491384 37.450344
-122.1478674 37.449029
-122.1513396 37.4525429
-122.1528186 37.4531632
-122.1530566 37.4533426
-122.1472247 37.4503451
-122.14794 37.4494386
-122.1486021 37.4502071
-122.1509253 37.452199
-122.1491386 37.4503079
-122.1476914 37.4490304
-122.1525911 37.4533581
-122.1476819 37.4505299
-122.1481419 37.450236
-122.1504385 37.4524835
-122.1478014 37.4494296
-122.1481651 37.4504195
-122.1490955 37.4504587
-122.147656 37.4494204
-122.1429474 37.4577615
-122.1486014 37.4504768
-122.1508751 37.4523601
-122.1520194 37.4531
-122.1546785 37.4545032
-122.1475138 37.4494356
-122.1512197 37.4526537
-122.1471665 37.450604
-122.1485165 37.4506089
-122.1495097 37.4506201
-122.1490884 37.450599
-122.1476464 37.4508503
-122.148523 37.450741
-122.1490666 37.4507045
-122.1495089 37.4507202
-122.14721 37.4508172
-122.1539223 37.4541713
-122.1542679 37.4542691
-122.1549187 37.4547409
-122.1532281 37.4538559
-122.1492662 37.4508694
-122.148394 37.4508784
-122.1518159 37.4532666
-122.147519 37.4490184
-122.1523314 37.4535558
-122.1524318 37.4536593
-122.147267 37.4510088
-122.1484343 37.4510214
-122.1471855 37.4511435
-122.1429216 37.4573772
-122.1467138 37.4509231
-122.1550879 37.4550306
-122.1490704 37.4510046
-122.1474629 37.4511602
-122.1473634 37.4490119
-122.1472358 37.4512833
-122.1485355 37.4511565
-122.1490876 37.451134
-122.1484787 37.4512805
-122.1490784 37.4512713
-122.1471842 37.4490026
-122.1472165 37.4514252
