lon lat
-122.1179227 37.41592409990193
-122.11800410000001 37.41585989990191
-122.11807089999999 37.41581989990192
-122.11813759999998 37.415786999901904
-122.1183226 37.41571249990189
-122.1185479 37.41567409990188
-122.11872359999998 37.41567839990188
-122.11891540000002 37.4157209999019
-122.1191514 37.415823199901915
-122.1193285 37.41598519990193
-122.1194197 37.416122599901946
-122.11946929999999 37.416312199901974
-122.11948489999999 37.416394799901994
-122.11949060000002 37.416473399901996
-122.11947900000001 37.416534699901995
-122.11946859999998 37.41659589990201
-122.11942969999998 37.416679599902025
-122.1193673 37.41676649990204
-122.11931669999998 37.416822199902036
