lon lat




-122.11675209999997 37.41629969990198
-122.11716310000001 37.415928599901925
-122.117277 37.41582579990191


-122.11856990000001 37.416377899901995
-122.11800849999999 37.415984199901935
-122.11799650000002 37.41597579990192
-122.1179227 37.41592409990193
-122.11785939999999 37.415879699901915
-122.11783959999998 37.415865799901916
-122.11761760000002 37.4157100999019
-122.11759900000001 37.41569699990189
-122.11753780000001 37.41565419990188

-122.11845500000001 37.41478449990177
-122.118381 37.414909499901796
-122.1183648 37.4149238999018
-122.11813129999999 37.41513289990182
-122.11785100000002 37.41537789990185
-122.11764579999998 37.415563799901875
-122.11753780000001 37.41565419990188
-122.11759900000001 37.41569699990189
-122.11761760000002 37.4157100999019
-122.11783959999998 37.415865799901916
-122.11785939999999 37.415879699901915
-122.1179227 37.41592409990193





-122.11779289999998 37.41879499990232
-122.11791829999999 37.418739699902304
-122.11803700000002 37.418687399902296
-122.1182583 37.41855319990228
-122.11832360000001 37.41849919990227
-122.11834120000002 37.41848989990226
-122.11850690000001 37.418402999902256
-122.1185422 37.41829039990224
-122.11861839999999 37.418030799902205
-122.11865510000001 37.41787169990218
-122.118672 37.41779859990218

-122.1195049 37.41772559990216
-122.11939349999999 37.41770299990216
-122.11937160000001 37.41770039990216
-122.11931299999999 37.417692599902146
-122.1188343 37.41778629990217
-122.1187764 37.41779119990219
-122.11873739999997 37.41779359990218
-122.118672 37.41779859990218
-122.11858880000001 37.41753229990214
-122.11839569999997 37.417188799902085




-122.1228364 37.41815239990221
-122.12251640000001 37.41853549990227
-122.1219111 37.419249799902374

-122.12148610000001 37.41889949990231
-122.12157790000002 37.41897439990233
-122.12159349999999 37.418986899902336
-122.1218368 37.419188599902355
-122.12185019999997 37.419199699902364
-122.1219111 37.419249799902374





-122.11822300000001 37.42015699990249
-122.11802870000001 37.42003359990247

-122.11780029999998 37.41989049990244
-122.11802870000001 37.42003359990247
-122.1183535 37.4202392999025
-122.1183913 37.42026319990249
-122.11864529999997 37.420423299902524
-122.1195113 37.42097189990259
-122.12005670000002 37.421317399902634
-122.1201539 37.421374499902655
-122.12020319999999 37.42131339990264
-122.12032290000002 37.42117049990262
-122.12050229999998 37.42095639990259
-122.12073510000002 37.42067859990255
-122.12132740000001 37.419943199902455
-122.1219111 37.419249799902374
-122.12185019999997 37.419199699902364
-122.1218368 37.419188599902355
-122.12159349999999 37.418986899902336
-122.12157790000002 37.41897439990233
-122.12148610000001 37.41889949990231



