lon lat
-122.1187614 37.438749
-122.122197 37.4409339
-122.1181074 37.4391015
-122.1167716 37.4376536
-122.1217784 37.4413486
-122.1201513 37.440923
-122.122184 37.4415956
-122.1186936 37.440284
-122.1215257 37.4416033
-122.1132869 37.4354761
-122.1167031 37.4387498
-122.1167031 37.4387498
-122.1167031 37.4387498
-122.1167031 37.4387498
-122.11646 37.4386114
-122.11646 37.4386114
-122.11646 37.4386114
-122.11646 37.4386114
-122.1186238 37.4398528
-122.1329284 37.4242321
-122.1167691 37.4393374
-122.1167122 37.4392936
-122.116644 37.439259
-122.1165445 37.439168
-122.1308291 37.4230312
-122.1228232 37.4431832
-122.1183827 37.4398095
-122.1182816 37.4397718
-122.1183619 37.4397501
-122.1160905 37.4389044
-122.1160311 37.4389415
-122.11595 37.4381999
-122.121304 37.4425527
-122.1204555 37.4420098
-122.1211272 37.4427927
-122.1162856 37.4396254
-122.1228226 37.4436095
-122.1206842 37.4435153
-122.121101 37.4430314
-122.1224501 37.4429457
-122.1213043 37.4431569
-122.1129631 37.4356871
-122.1192495 37.4407419
-122.1222712 37.4428847
-122.1227409 37.4437403
-122.1194258 37.4406262
-122.1178703 37.4396234
-122.1219098 37.4441373
-122.12132 37.4446609
-122.1207541 37.4445392
-122.1215373 37.4429626
-122.1204757 37.4413284
-122.1224237 37.4440513
-122.1127524 37.435734
-122.1177953 37.4393806
-122.1170593 37.4419153
-122.116847 37.4417945
-122.117474 37.4394895
-122.1388325 37.4280943
-122.1172431 37.4396162
-122.1164441 37.4413303
-122.1162221 37.4412011
-122.1176444 37.4398243
-122.1192907 37.4444715
-122.1196962 37.4444252
-122.1180413 37.4401858
-122.1204038 37.445199
-122.134918 37.42559
-122.1381286 37.427988
-122.138253 37.4285026
-122.1320541 37.4244118
-122.1320833 37.4243828
-122.1321866 37.4242743
-122.1338932 37.4266354
-122.1302266 37.4239654
-122.1302266 37.4239654
-122.1373847 37.4289244
-122.1315994 37.4248715
-122.1372883 37.4290164
-122.1266687 37.4219152
-122.136588 37.4318297
-122.1301204 37.4380991
-122.1368539 37.4315148
-122.1347169 37.4335064
-122.1232554 37.4448241
-122.1370536 37.4311
-122.133063 37.4351357
-122.1255888 37.4426653
-122.1365835 37.4313706
-122.1352567 37.4328787
-122.132331 37.4355867
-122.13688 37.4309572
-122.1363124 37.4314754
-122.1254717 37.4424689
-122.1379003 37.4296813
-122.12464 37.4434315
-122.1388125 37.4288121
-122.1387625 37.4288533
-122.1269925 37.4407597
-122.1367551 37.4308997
-122.1219549 37.4453477
-122.1221853 37.4454876
-122.1368104 37.4305734
-122.1320923 37.4356104
-122.121903 37.4456116
-122.1218866 37.4455427
-122.1220746 37.4456617
-122.1219012 37.4450568
-122.1217316 37.444959
-122.122699 37.4447713
-122.121525 37.4450579
-122.1216888 37.445163
-122.1212979 37.445244
-122.1214283 37.4453293
-122.1318486 37.4251396
-122.1389465 37.428498
-122.1211525 37.445391
-122.1212829 37.4454727
-122.1366168 37.4304384
-122.121584 37.4458672
-122.122798 37.4445014
-122.1213132 37.4459374
-122.1361695 37.4311241
-122.1212369 37.4457764
-122.1210989 37.4456877
-122.1222107 37.4448934
-122.1364004 37.4306738
-122.1208568 37.4457665
-122.1210101 37.4458717
-122.1355996 37.4317713
-122.1251228 37.4425507
-122.134434 37.4329745
-122.1377197 37.4291201
-122.12503 37.4421772
-122.138488 37.4286162
-122.1319293 37.425184
-122.1387671 37.4282971
-122.1381898 37.4288511
-122.1248725 37.4420858
-122.1344647 37.4324399
-122.1356275 37.431177
-122.131869 37.4352954
-122.1352712 37.4316209
-122.1335815 37.4333205
-122.1362879 37.4295647
-122.1359604 37.4291703
-122.1371902 37.428228
-122.1385141 37.4277596
-122.1384763 37.4277035
-122.13242 37.4330941
-122.1354152 37.4310357
-122.1288384 37.4378022
-122.1321707 37.4334301
-122.1242113 37.4429339
-122.1234209 37.443003
-122.1262524 37.4223019
-122.133576 37.4325389
-122.1319466 37.4333797
-122.1239987 37.4429875
-122.1286336 37.4376204
-122.1325066 37.4325364
-122.1365802 37.4283206
-122.1379511 37.4274319
-122.1334239 37.4324213
-122.1337874 37.4320656
-122.1244325 37.4421264
-122.1364238 37.4282078
-122.1318233 37.4340571
-122.1360435 37.4285736
-122.1315692 37.4341278
-122.1312104 37.4342757
-122.1239339 37.4425308
-122.1309383 37.4333721
-122.1356524 37.4288894
-122.1202152 37.4453855
-122.1376805 37.4272764
-122.1285003 37.4371517
-122.1342726 37.4309001
-122.137258 37.4275969
-122.1374952 37.4271937
-122.1371522 37.4274846
-122.1365104 37.4277554
-122.1361056 37.4280242
-122.13326 37.4317435
-122.1257275 37.4392877
-122.1328091 37.4319712
-122.1301082 37.4343755
-122.1362876 37.427591
-122.1372517 37.4270417
-122.1367911 37.4272956
-122.1347856 37.4294726
-122.1298836 37.4342188
-122.1334062 37.4304331
-122.130386 37.4337607
-122.1342201 37.4297698
-122.1354612 37.4282429
-122.1330693 37.4305925
-122.1341489 37.4296866
-122.1369281 37.42692
-122.1368876 37.4269509
-122.1364866 37.4271134
-122.1328924 37.430494
-122.1264981 37.4369053
-122.1367461 37.4267795
-122.1366802 37.4268512
-122.1366277 37.4266277
-122.1226785 37.4417936
-122.1348257 37.4283736
-122.133834 37.4294676
-122.1351575 37.428066
-122.1334991 37.4298454
-122.1259443 37.4362952
-122.1326406 37.4303377
-122.1364645 37.4265353
-122.1295845 37.4340137
-122.1300819 37.4334902
-122.1335245 37.4292981
-122.1321878 37.4306139
-122.1361847 37.4264775
-122.1325046 37.4302414
-122.1272329 37.4358285
-122.1355299 37.427109
-122.1331684 37.429612
-122.129619 37.4332393
-122.1243616 37.4384344
-122.1333517 37.4291988
-122.13407 37.4284765
-122.1215768 37.4411389
-122.1361768 37.4263625
-122.1349763 37.4273273
-122.129452 37.4322966
-122.1344564 37.4276028
-122.1305617 37.4310183
-122.1337658 37.4284767
-122.1337294 37.4288266
-122.1236893 37.4385357
-122.1289808 37.4335083
-122.1321072 37.4299984
-122.1287949 37.4322882
-122.135543 37.4265119
-122.135823 37.4261711
-122.1293377 37.4319712
-122.1343031 37.427499
-122.1301875 37.4313
-122.1293253 37.433066
-122.128856 37.4333313
-122.1290515 37.4320113
-122.1285051 37.4321152
-122.1284514 37.431995
-122.1284118 37.4320363
-122.130867 37.4308146
-122.1291005 37.4329546
-122.1272189 37.4350659
-122.1287949 37.4326491
-122.1355204 37.4261084
-122.1272807 37.4348828
-122.1314962 37.4301774
-122.1266304 37.4350225
-122.1352506 37.4263205
-122.1210535 37.4403392
-122.1286882 37.4325806
-122.1319302 37.4295067
-122.1332836 37.4280373
-122.13169 37.429772
-122.1299156 37.430565
-122.1259575 37.4354833
-122.123075 37.4376838
-122.131827 37.4294073
-122.1295222 37.4309203
-122.1285112 37.4324701
-122.1312153 37.4299236
-122.1235343 37.4373008
-122.1328108 37.4282576
-122.1344965 37.42592
-122.1304695 37.4299832
-122.1328168 37.427704
-122.1342613 37.4261971
-122.1310577 37.4293307
-122.1339849 37.4261839
-122.1253111 37.4345459
-122.1308908 37.4292609
-122.1345939 37.4254379
-122.1318066 37.428216
-122.1345577 37.4252779
-122.1344647 37.4253937
-122.134052 37.4255871
-122.1320282 37.427755
-122.1342973 37.425287
-122.1282158 37.4323845
-122.1276607 37.4318908
-122.1318517 37.4276534
-122.1314666 37.4280331
-122.13423 37.4251616
-122.1332165 37.4261659
-122.1202501 37.4395286
-122.1341043 37.4250092
-122.1163587 37.4417996
-122.1163269 37.4417511
-122.1309754 37.4282401
-122.1270931 37.4322773
-122.1270931 37.4322773
-122.1337483 37.4253766
-122.1162518 37.4416828
-122.1222662 37.437055
-122.1304792 37.4285851
-122.1298864 37.4291569
-122.1311995 37.4278192
-122.1337582 37.424844
-122.1159865 37.4414348
-122.1335923 37.4247836
-122.1322233 37.426679
-122.1335172 37.4246718
-122.130675 37.4280293
-122.1224772 37.4367119
-122.1319529 37.4265232
-122.1263649 37.4318444
-122.1263649 37.4318444
-122.1263649 37.4318444
-122.1177505 37.4403691
-122.1327023 37.4258517
-122.1195973 37.4392869
-122.1332809 37.424672
-122.1301611 37.4283771
-122.1172925 37.4401132
-122.1332373 37.4250599
-122.1325635 37.4257546
-122.1293593 37.4289145
-122.1300209 37.4282814
-122.1197951 37.4374921
-122.1219162 37.4362789
-122.1190308 37.4379119
-122.1326945 37.4248018
-122.121014 37.4366277
-122.1323639 37.425154
-122.1328563 37.4246567
-122.1309498 37.4270949
-122.1188631 37.4378263
-122.1309715 37.426556
-122.1190478 37.4396107
-122.1287223 37.4288328
-122.1301703 37.4272189
-122.119894 37.4369984
-122.1300771 37.4271488
-122.1304984 37.4267721
-122.1189375 37.4388682
-122.1185605 37.4376221
-122.128307 37.4286451
-122.1293489 37.4278366
-122.1208709 37.4361763
-122.1299892 37.4264802
-122.1278903 37.4288957
-122.1232942 37.433205
-122.1228562 37.43356
-122.1323114 37.4238404
-122.1322745 37.4239503
-122.1318937 37.4243193
-122.1290419 37.4270078
-122.1227835 37.4329301
-122.1314918 37.4244496
-122.1231458 37.4325979
-122.1296426 37.4262432
-122.1317199 37.4241555
-122.1232852 37.4324269
-122.1285236 37.4273208
-122.1313479 37.4245751
-122.1315748 37.424113
-122.1312307 37.4243693
-122.1287778 37.4268755
-122.1271041 37.4285572
-122.1318778 37.4237804
-122.1242842 37.4323
-122.1244399 37.4323746
-122.1313937 37.4239494
-122.1176908 37.4381511
-122.1171421 37.4386577
-122.1316906 37.4236605
-122.1242343 37.4322191
-122.1312504 37.4239063
-122.1309945 37.4244325
-122.1316935 37.4234475
-122.1251316 37.4304048
-122.1246519 37.4308366
-122.1246519 37.4308366
-122.1316294 37.4235023
-122.1174007 37.4382569
-122.1244378 37.4310883
-122.1310505 37.4237779
-122.1294244 37.4255817
-122.1235672 37.4319108
-122.1240132 37.4313765
-122.1240132 37.4313765
-122.1198117 37.4355333
-122.1173809 37.4379457
-122.1238081 37.4316304
-122.1217168 37.4334751
-122.1309143 37.4236993
-122.1220785 37.4332833
-122.1307686 37.42412
-122.1304044 37.4244415
-122.1242447 37.4307313
-122.1242447 37.4307313
-122.1242447 37.4307313
-122.1242447 37.4307313
-122.1242447 37.4307313
-122.1242447 37.4307313
-122.1310467 37.423576
-122.1271057 37.4273502
-122.1168704 37.4383338
-122.1213316 37.4331905
-122.1312422 37.4233672
-122.1305691 37.4240105
-122.1266805 37.4276061
-122.1281475 37.4264566
-122.1264102 37.4280005
-122.125635 37.4229576
-122.1152112 37.4383963
-122.1238994 37.4305187
-122.1238994 37.4305187
-122.1238994 37.4305187
-122.1238994 37.4305187
-122.1203123 37.4334785
-122.1208971 37.4328897
-122.120407 37.4346516
-122.1204394 37.4331089
-122.1242003 37.4291532
-122.1216641 37.4328159
-122.1301122 37.4242376
-122.1269211 37.4272507
-122.121861 37.4323293
-122.1178611 37.4362255
-122.1258451 37.4282163
-122.1203136 37.432587
-122.1165457 37.4368097
-122.1313228 37.4257876
-122.1192832 37.4346308
-122.1307581 37.4228559
-122.1215072 37.4326777
-122.1306838 37.4229404
-122.1171631 37.4362425
-122.1185931 37.4347495
-122.1200715 37.4332326
-122.1305702 37.4228102
-122.1252802 37.4280083
-122.119873 37.4332522
-122.1297613 37.4240786
-122.1157224 37.4368376
-122.1305058 37.422691
-122.1146904 37.4379083
-122.125278 37.4287592
-122.1157119 37.4371012
-122.1190039 37.434129
-122.1189148 37.4344136
-122.1260335 37.4272465
-122.1303025 37.4226529
-122.1163292 37.4362938
-122.1248869 37.4285117
-122.1195922 37.433405
-122.1297987 37.4234881
-122.1242319 37.4284093
-122.1154642 37.4370996
-122.1296381 37.4233815
-122.1161862 37.4362003
-122.1157709 37.4363176
-122.1299777 37.422514
-122.1146121 37.4372556
-122.1299727 37.4223601
-122.1298783 37.4224555
-122.1167143 37.4355153
-122.1298182 37.4222656
-122.1159852 37.4360634
-122.1187363 37.4328748
-122.1297546 37.422788
-122.1235514 37.4293605
-122.1148748 37.4370851
-122.129243 37.4235114
-122.1205099 37.432333
-122.1163534 37.4357049
-122.1141065 37.4374298
-122.1286026 37.4244224
-122.1293957 37.4222058
-122.1143557 37.4370504
-122.1210639 37.431298
-122.1245037 37.4271302
-122.1269551 37.4257384
-122.1234195 37.4291808
-122.1209148 37.4311293
-122.1162639 37.4352599
-122.1207 37.4315671
-122.1176133 37.4341511
-122.1261626 37.4260642
-122.1193228 37.4320902
-122.1164378 37.4347919
-122.1207816 37.4310162
-122.1191125 37.4323258
-122.1274571 37.4247003
-122.1287197 37.4226636
-122.1155617 37.4357392
-122.1151472 37.4359108
-122.1206996 37.4309652
-122.1265972 37.4254389
-122.1285758 37.4237898
-122.126015 37.4259896
-122.1284534 37.4237126
-122.1177807 37.4333397
-122.1172818 37.4339273
-122.1290841 37.4223624
-122.1264917 37.4253118
-122.1239155 37.4272023
-122.1143119 37.4366902
-122.1269399 37.4249899
-122.1176565 37.4334653
-122.1268251 37.4248636
-122.1147704 37.436227
-122.114461 37.4364996
-122.1173436 37.4333979
-122.1225575 37.4288019
-122.1284621 37.4225315
-122.1248306 37.4263638
-122.1149661 37.4358134
-122.1283009 37.4224539
-122.1161496 37.4344436
-122.1144214 37.4360102
-122.1276274 37.4231533
-122.1266727 37.4240806
-122.1246616 37.4262441
-122.1287987 37.4216095
-122.1281425 37.4224381
-122.1250043 37.4259617
-122.1255608 37.42511
-122.1254302 37.425025
-122.1261859 37.4243887
-122.1151338 37.4348844
-122.1137502 37.4365877
-122.1277731 37.4225814
-122.1272224 37.4228923
-122.1267247 37.4236038
-122.1276208 37.4225189
-122.1260356 37.4243058
-122.1281196 37.4217541
-122.124134 37.425959
-122.12514 37.424798
-122.1277405 37.4221738
-122.1274618 37.4224242
-122.1166325 37.4335371
-122.1269889 37.4227143
-122.1244861 37.4250733
-122.1280095 37.4216712
-122.1310405 37.4260301
-122.1248177 37.4245907
-122.1266568 37.4230341
-122.1263283 37.423376
-122.1271814 37.4222642
-122.1147202 37.435448
-122.1161074 37.4340023
-122.1128487 37.4359262
-122.1151233 37.4345261
-122.1263563 37.4228838
-122.1246694 37.4244867
-122.1262206 37.422801
-122.1138079 37.4351264
-122.1255691 37.4234431
-122.1239724 37.4247442
-122.1214636 37.4280445
-122.1254971 37.4233423
-122.1263904 37.4224067
-122.123455 37.4250693
-122.1355896 37.4299853
-122.1272312 37.4208146
-122.1205706 37.4274469
-122.1248963 37.4230102
-122.1221753 37.4256498
-122.1255221 37.422349
-122.1258265 37.422065
-122.1270098 37.4205906
-122.1253872 37.4222389
-122.1255577 37.4218899
-122.121518 37.4252353
-122.1213743 37.4251368
-122.1243653 37.423243
-122.1231044 37.4249279
-122.1259428 37.4214433
-122.1225549 37.4249766
-122.1220551 37.4252206
-122.1246216 37.4228111
-122.1235248 37.4238079
-122.122945 37.4248432
-122.1204256 37.4252207
-122.1244877 37.4227293
-122.1234959 37.4231812
-122.1257066 37.42127
-122.120118 37.425437
-122.1259325 37.4200215
-122.126063 37.4201576
-122.1257729 37.4204554
-122.1254139 37.4203345
-122.1255797 37.4200403
-122.1258446 37.4201206
-122.126214 37.420062
-122.1259142 37.4203542
-122.1255789 37.4204428
-122.1254847 37.4201809
-122.1257672 37.4198622
-122.1260117 37.4198855
-122.1261214 37.4202007
-122.1257376 37.4199313
-122.1246788 37.422329
-122.1225213 37.4238028
-122.1253635 37.4203786
-122.1255863 37.4206158
-122.1252603 37.420689
-122.1249863 37.4204105
-122.1253219 37.4203513
-122.1256933 37.4205838
-122.1253647 37.4207639
-122.1249669 37.4205042
-122.1259355 37.4209984
-122.1195428 37.4268123
-122.1248644 37.4219249
-122.1207278 37.4262261
-122.1257308 37.4210263
-122.1203796 37.4260098
-122.1249823 37.4208766
-122.1248193 37.4207718
-122.1194135 37.4267493
-122.1250588 37.4230454
-122.1192532 37.4266231
-122.1200522 37.4262038
-122.1254028 37.4196752
-122.1250823 37.4200001
-122.1247707 37.4204088
-122.1243997 37.4201755
-122.1245612 37.4197936
-122.1248801 37.4195012
-122.1248397 37.4198432
-122.1252121 37.4199201
-122.1249384 37.4202023
-122.1245756 37.420236
-122.1244803 37.4199245
-122.1247728 37.4196286
-122.1251417 37.4195452
-122.1249385 37.4198781
-122.1252604 37.4198335
-122.1250211 37.4201573
-122.1246765 37.4202575
-122.1244724 37.4200009
-122.1247458 37.4197052
-122.125073 37.4194661
-122.1250538 37.4199032
-122.1245359 37.421697
-122.123193 37.4229809
-122.119977 37.4267101
-122.1230303 37.4228783
-122.1233358 37.4225935
-122.1243015 37.4215215
-122.1209151 37.4267344
-122.1205752 37.4244355
-122.1239348 37.4218794
-122.1229309 37.422805
-122.1204612 37.4240255
-122.1240325 37.4213518
-122.1222345 37.4233972
-122.123229 37.4219142
-122.1243209 37.4194975
-122.1235295 37.4216211
-122.1227982 37.4222518
-122.1214512 37.4234876
-122.1225292 37.4225464
-122.118774 37.4249116
-122.1193228 37.4242215
-122.1226522 37.4221623
-122.1238953 37.4194897
-122.1179365 37.425452
-122.1180698 37.4250042
-122.1222236 37.422401
-122.120975 37.4232241
-122.1231157 37.4213547
-122.1238929 37.4201701
-122.1238929 37.4201701
-122.1238929 37.4201701
-122.1238929 37.4201701
-122.1190167 37.4240745
-122.1184488 37.424736
-122.1244622 37.4189579
-122.1244622 37.4189579
-122.1244622 37.4189579
-122.1244622 37.4189579
-122.1221183 37.4223004
-122.1180489 37.4247268
-122.1206544 37.4234237
-122.1210262 37.4226523
-122.1204837 37.4232993
-122.1241015 37.4198867
-122.1204219 37.4228646
-122.1221195 37.421829
-122.1207156 37.4224352
-122.1239088 37.4197592
-122.1225657 37.4210289
-122.1172758 37.4251312
-122.1205684 37.4223554
-122.1177283 37.4243351
-122.1215732 37.4219697
-122.1207551 37.4220391
-122.1171297 37.4250417
-122.1192858 37.4233533
-122.1227919 37.4201514
-122.1236108 37.4195906
-122.1235257 37.4197593
-122.1221431 37.420774
-122.1210318 37.4216018
-122.1226824 37.420018
-122.1184303 37.4237343
-122.1230546 37.4197515
-122.1221743 37.4201623
-122.121422 37.420845
-122.1208684 37.4215374
-122.1211751 37.4212305
-122.1171161 37.4244317
-122.1233366 37.4195019
-122.1237753 37.4185024
-122.120099 37.4216105
-122.1279516 37.4257179
-122.121489 37.4203185
-122.1237314 37.4185497
-122.1207937 37.4209495
-122.1168113 37.4242422
-122.1213176 37.4202746
-122.1223793 37.4192435
-122.1246595 37.4234472
-122.1233154 37.4182622
-122.1233154 37.4182622
-122.1233154 37.4182622
-122.11593 37.4246307
-122.1157399 37.4245055
-122.1266988 37.424778
-122.1277803 37.4258715
-122.1317927 37.4287487
-122.1199754 37.4225758
-122.1241683 37.4245432
-122.1218472 37.4237816
-122.1337634 37.4310434
-122.1211813 37.4235886
-122.1314458 37.4295709
-122.1192029 37.4224849
-122.1194565 37.422908
-122.121571 37.4239189
-122.1189874 37.4222737
-122.1209215 37.4237665
-122.1214251 37.4239952
-122.1280669 37.4278974
-122.1284071 37.4281426
-122.1290426 37.4284558
-122.1289517 37.4285474
-122.1354876 37.4324789
-122.1185301 37.4225023
-122.1346577 37.4323256
-122.1282327 37.4284245
-122.1211538 37.4242046
-122.1226685 37.4255354
-122.1335215 37.4328045
-122.1229104 37.4259753
-122.1254324 37.4275823
-122.1252451 37.4276835
-122.1314072 37.4316747
-122.1177845 37.4229053
-122.1323499 37.4322004
-122.1178852 37.4231715
-122.1195824 37.4246704
-122.1225429 37.4263661
-122.1249584 37.4278641
-122.1179503 37.4236704
-122.1219291 37.4263186
-122.1198012 37.4251251
-122.1342684 37.4339828
-122.1174171 37.4234058
-122.1218081 37.4264793
-122.1196916 37.4252109
-122.1310352 37.4323801
-122.123439 37.4276477
-122.1308622 37.432434
-122.1327239 37.433578
-122.1274713 37.4295344
-122.1303427 37.4322942
-122.1280097 37.429534
-122.1173115 37.4240815
-122.1271836 37.4289532
-122.1268864 37.4292356
-122.1326046 37.4337746
-122.1302077 37.4323976
-122.1193155 37.4254714
-122.1237661 37.4280445
-122.1261114 37.4287283
-122.1304453 37.4326984
-122.1308425 37.4329756
-122.1299828 37.4324739
-122.1295043 37.4321533
-122.1272113 37.4302315
-122.1234938 37.428273
-122.1302666 37.4327784
-122.1261849 37.4297099
-122.1259891 37.4298291
-122.1183821 37.4255159
-122.1231303 37.4280359
-122.1301208 37.4328696
-122.1221416 37.4278557
-122.1181791 37.4255961
-122.1231844 37.4283917
-122.1254797 37.4298497
-122.1186333 37.4258945
-122.1155559 37.424067
-122.1248919 37.429719
-122.1290168 37.4325577
-122.1264734 37.430816
-122.1153652 37.4241416
-122.1247787 37.4298614
-122.1227654 37.4286709
-122.1249616 37.4302939
-122.1262924 37.4309813
-122.126161 37.4311079
-122.1293759 37.4354245
-122.126217 37.4320657
-122.1311599 37.4351783
-122.1252279 37.4330646
-122.1291262 37.4352455
-122.1267016 37.4324655
-122.1288643 37.4350966
-122.1313487 37.4360435
-122.1309985 37.435261
-122.1305384 37.4349643
-122.1274127 37.4334082
-122.1280721 37.4335859
-122.1259689 37.4324834
-122.1310992 37.4362818
-122.1234304 37.4304386
-122.1223185 37.4298127
-122.1270807 37.4336466
-122.1276461 37.433795
-122.1226706 37.4298871
-122.1303707 37.4350735
-122.1230476 37.4301661
-122.1226773 37.4300847
-122.122967 37.4302397
-122.1274775 37.4338869
-122.1223456 37.430088
-122.1223456 37.430088
-122.1228611 37.4302779
-122.122036 37.4298379
-122.122036 37.4298379
-122.1265102 37.4327694
-122.1256816 37.4327091
-122.1268103 37.433294
-122.1296711 37.435152
-122.1220052 37.4300789
-122.1219894 37.4302805
-122.1221183 37.4301515
-122.125593 37.432659
-122.1285097 37.4354606
-122.1226854 37.4304901
-122.1250186 37.4325639
-122.1233658 37.4307686
-122.1232957 37.4308223
-122.1254754 37.4328123
-122.1214716 37.4301325
-122.1262185 37.4330363
-122.1231572 37.4308057
-122.1300319 37.4354135
-122.1311307 37.4369004
-122.1227223 37.4308637
-122.1227223 37.4308637
-122.1227223 37.4308637
-122.1227223 37.4308637
-122.1227223 37.4308637
-122.1218164 37.4303679
-122.1263846 37.4339561
-122.1220136 37.4304805
-122.1310401 37.4370384
-122.1258257 37.4332215
-122.1218352 37.4306339
-122.1282806 37.435845
-122.1309307 37.437162
-122.1259872 37.434105
-122.1211672 37.4303468
-122.1308103 37.4373152
-122.1242772 37.4330117
-122.1211895 37.4305416
-122.1220804 37.4309727
-122.1215388 37.4307914
-122.1305753 37.436173
-122.1214523 37.4309701
-122.1287706 37.4360929
-122.1212343 37.4308497
-122.1280257 37.4353661
-122.1210394 37.4306846
-122.130078 37.436044
-122.1208062 37.4305414
-122.1203964 37.4307974
-122.1255938 37.4343546
-122.1252254 37.4338966
-122.1258655 37.4347699
-122.1242558 37.4335721
-122.1254702 37.4344433
-122.1213742 37.4314329
-122.122266 37.4322565
-122.1249692 37.4341714
-122.1217104 37.4320743
-122.1236279 37.4334732
-122.129002 37.4364152
-122.1235496 37.4340077
-122.1242146 37.4343653
-122.1249386 37.4356512
-122.1260246 37.4367409
-122.1252328 37.4360741
-122.1232258 37.4342884
-122.1257718 37.4368565
-122.122388 37.4338161
-122.1230646 37.4344317
-122.1234842 37.4346172
-122.1296301 37.4383587
-122.1288354 37.4379842
-122.123335 37.4347363
-122.1240876 37.435283
-122.1188242 37.4318562
-122.1262654 37.437532
-122.1255141 37.4363874
-122.1291428 37.4381481
-122.1236404 37.4351604
-122.129037 37.4383235
-122.1237364 37.4354478
-122.128467 37.4384065
-122.1289331 37.4384735
-122.1293283 37.4386621
-122.1238229 37.436312
-122.1215176 37.434214
-122.1241292 37.4366668
-122.125187 37.4371583
-122.1286398 37.4387159
-122.1239797 37.4367506
-122.1235486 37.4364815
-122.1239118 37.4359137
-122.1181465 37.4323375
-122.1234046 37.4356435
-122.1200368 37.4344938
-122.1283124 37.4391161
-122.1248405 37.4373578
-122.1285751 37.4394215
-122.1247612 37.4378075
-122.1178328 37.4325525
-122.1244149 37.4371249
-122.121147 37.4352572
-122.1218797 37.4357071
-122.1282714 37.4397312
-122.1253438 37.4379678
-122.1179219 37.4329384
-122.1277877 37.4396451
-122.1242492 37.4372126
-122.1220845 37.4359912
-122.1223882 37.4361845
-122.1198722 37.4349931
-122.1244755 37.437575
-122.1171546 37.4329498
-122.1240235 37.4376146
-122.122712 37.4373533
-122.1215273 37.439828
-122.1206815 37.4362324
-122.121936 37.4370174
-122.1173511 37.4342803
-122.1216116 37.4403668
-122.1201147 37.4360592
-122.1249748 37.44024
-122.1263384 37.4408473
-122.1208519 37.436708
-122.1223408 37.4376479
-122.1246002 37.4391835
-122.1254266 37.4396044
-122.119146 37.4355727
-122.1169688 37.4346933
-122.1174535 37.4348467
-122.1209051 37.4370658
-122.1159803 37.4337159
-122.1219501 37.4400423
-122.1173713 37.4349835
-122.1194778 37.4359534
-122.1260821 37.4400431
-122.1196339 37.4363807
-122.1172394 37.4351165
-122.124358 37.439929
-122.1256202 37.4403823
-122.1265982 37.4416229
-122.1262112 37.4414027
-122.117659 37.4365997
-122.1253757 37.4406554
-122.1218593 37.4379185
-122.1264478 37.4417813
-122.1254294 37.4410849
-122.1198912 37.4367757
-122.1246114 37.4407098
-122.1212354 37.4379506
-122.1249965 37.4410177
-122.1242231 37.4406944
-122.1256633 37.4414583
-122.123736 37.4400549
-122.1206605 37.4382466
-122.1247573 37.4412757
-122.1258176 37.4417665
-122.1204846 37.4381993
-122.1207543 37.4385706
-122.1238303 37.4410771
-122.1212796 37.438947
-122.1192276 37.4380451
-122.1189523 37.4381268
-122.1174162 37.4372665
-122.1243588 37.4416699
-122.1144588 37.4347496
-122.1200044 37.4383275
-122.1242086 37.4417914
-122.1234407 37.4414856
-122.1236679 37.4416868
-122.1247009 37.441753
-122.1188083 37.4382354
-122.1141165 37.4349626
-122.1229559 37.4414174
-122.1139954 37.4350444
