lon lat cluster
-122.139172 37.4290348 0
-122.1388926 37.4282388 0
-122.1387302 37.4287674 0
-122.1385358 37.4286715 0
-122.1383899 37.4299994 0
-122.1382261 37.4276483 0
-122.1381095 37.4276861 0
-122.1379452 37.428172 0
-122.1377842 37.4273389 0
-122.137619 37.427242 0
-122.1374579 37.4309678 0
-122.1373395 37.4302736 0
-122.1372342 37.4298413 0
-122.1371197 37.4281953 0
-122.1369824 37.4273945 0
-122.1368539 37.4315148 0
-122.1367567 37.4293015 0
-122.1366408 37.4271889 0
-122.1365396 37.4267164 0
-122.1364238 37.4282078 0
-122.1363124 37.4314754 0
-122.1362298 37.4305823 0
-122.136163 37.4290875 0
-122.136007 37.4310245 0
-122.1359316 37.4262254 0
-122.1357813 37.4302841 0
-122.1357106 37.4272121 0
-122.1355836 37.4283079 0
-122.1355108 37.4294755 0
-122.1354152 37.4310357 0
-122.135306 37.4286977 0
-122.1351763 37.4259302 0
-122.1351053 37.4327912 0
-122.1349619 37.4297558 0
-122.134889 37.4272146 0
-122.1347856 37.4294726 0
-122.1347169 37.4335064 0
-122.1346339 37.4288653 0
-122.1345269 37.4282069 0
-122.1344469 37.42875 0
-122.1343841 37.4268989 0
-122.1342726 37.4309001 0
-122.1342382 37.4337056 0
-122.1341532 37.4262634 0
-122.1340942 37.4317863 0
-122.1340274 37.4273181 0
-122.1339152 37.4260535 0
-122.1338373 37.4308755 0
-122.1337634 37.4310434 0
-122.1337273 37.4326264 0
-122.1336089 37.4252819 0
-122.1335674 37.4246215 0
-122.1334992 37.4258683 0
-122.1334199 37.4245346 0
-122.1333517 37.4291988 0
-122.1332809 37.424672 0
-122.1331872 37.4273391 0
-122.1331004 37.4260976 0
-122.1330312 37.4295255 0
-122.1329451 37.4283349 0
-122.1328563 37.4246567 0
-122.1328076 37.4247051 0
-122.1327239 37.433578 0
-122.1326046 37.4337746 0
-122.1325066 37.4325364 0
-122.1324547 37.4239322 0
-122.1323767 37.4291156 0
-122.1323253 37.426789 0
-122.1322623 37.4249911 0
-122.1321878 37.4306139 0
-122.1321128 37.4243507 0
-122.1320712 37.4284355 0
-122.1320158 37.4309539 0
-122.1319633 37.4242487 0
-122.1319183 37.4237437 0
-122.1318314 37.4298296 0
-122.1317927 37.4240799 0
-122.1317199 37.4241555 0
-122.1316934 37.4253435 0
-122.131645 37.4248236 0
-122.1315957 37.4269204 0
-122.1315413 37.4235836 0
-122.1314758 37.4285409 0
-122.1314377 37.4326566 0
-122.1313984 37.4273751 0
-122.1313526 37.4237916 0
-122.1312899 37.429193 0
-122.131274 37.4327373 0
-122.1311995 37.4278192 0
-122.1311353 37.4242905 0
-122.1311012 37.4243273 0
-122.1310577 37.4293307 0
-122.1309942 37.4236217 0
-122.1309383 37.4333721 0
-122.1308622 37.4320842 0
-122.1308095 37.4242495 0
-122.1307686 37.42412 0
-122.1306878 37.4297601 0
-122.1306381 37.428659 0
-122.1305691 37.4240105 0
-122.1305493 37.4232651 0
-122.1304584 37.4227278 0
-122.130381 37.427873 0
-122.130315 37.4317832 0
-122.1302266 37.4239654 0
-122.1302266 37.4239654 0
-122.1301703 37.4272189 0
-122.1300771 37.4271488 0
-122.1299892 37.4264802 0
-122.1299251 37.4286513 0
-122.1298614 37.4311077 0
-122.1297529 37.4295356 0
-122.1296426 37.4262432 0
-122.1295845 37.4340137 0
-122.1295446 37.423707 0
-122.1294576 37.4293228 0
-122.1293854 37.4331055 0
-122.1293253 37.433066 0
-122.1292325 37.4230799 0
-122.1291603 37.4291303 0
-122.1290841 37.4223624 0
-122.1290156 37.4218387 0
-122.1289692 37.4233522 0
-122.1288978 37.4324355 0
-122.1288497 37.4218042 0
-122.1287778 37.4268755 0
-122.1287197 37.4226636 0
-122.1286879 37.4221126 0
-122.1286199 37.4284534 0
-122.1285597 37.4322857 0
-122.1285134 37.4214664 0
-122.1284244 37.4219329 0
-122.1283696 37.4283018 0
-122.1282956 37.4229434 0
-122.1282006 37.4212337 0
-122.1281395 37.4329601 0
-122.1280721 37.4335859 0
-122.1280092 37.4227611 0
-122.1279202 37.4210655 0
-122.127814 37.4275141 0
-122.1277576 37.4337351 0
-122.1276792 37.4282941 0
-122.1276274 37.4231533 0
-122.1275516 37.4241613 0
-122.1274751 37.4231049 0
-122.1273724 37.422323 0
-122.1273076 37.4234474 0
-122.1272148 37.4334928 0
-122.1271153 37.4276533 0
-122.1270931 37.4322773 0
-122.1270457 37.420613 0
-122.1269693 37.4254936 0
-122.1269288 37.4231777 0
-122.1268251 37.4248636 0
-122.1267894 37.4256287 0
-122.1267376 37.4204387 0
-122.1266727 37.4240806 0
-122.1266194 37.4214532 0
-122.126559 37.4260346 0
-122.1264917 37.4253118 0
-122.1264592 37.4328101 0
-122.1264135 37.4239311 0
-122.1263846 37.4339561 0
-122.1263649 37.4318444 0
-122.126313 37.4270277 0
-122.1262432 37.428834 0
-122.126214 37.420062 0
-122.126164 37.4321158 0
-122.126133 37.4271425 0
-122.126103 37.4340304 0
-122.126068 37.4199458 0
-122.1260385 37.4266601 1
-122.1260108 37.422049 1
-122.1259689 37.4324834 1
-122.125922 37.4230923 1
-122.125883 37.4324279 1
-122.1258512 37.4204257 1
-122.1258257 37.4332215 1
-122.1257863 37.4200794 1
-122.1257308 37.4210263 1
-122.1256982 37.4224006 1
-122.1256526 37.4199802 1
-122.1256331 37.4199633 1
-122.1255875 37.4323894 1
-122.1255617 37.4290374 1
-122.1255221 37.422349 1
-122.1254922 37.4268073 1
-122.1254584 37.4312976 1
-122.1254302 37.425025 1
-122.1253842 37.4196983 1
-122.1253425 37.4232709 1
-122.1253214 37.4197812 1
-122.1252876 37.4197626 1
-122.1252504 37.420474 1
-122.1252079 37.4324115 1
-122.1251824 37.4199008 1
-122.1251405 37.4200393 1
-122.125116 37.4195704 1
-122.1250823 37.4200001 1
-122.1250446 37.4205623 1
-122.1250232 37.4199246 1
-122.1250043 37.4259617 1
-122.1249618 37.4198491 1
-122.1249333 37.4197503 1
-122.1249022 37.4334673 1
-122.1248644 37.4219249 1
-122.1248267 37.4292372 1
-122.1247987 37.4203779 1
-122.1247707 37.4204088 1
-122.1247043 37.4314042 1
-122.1246734 37.4196738 1
-122.1246519 37.4308366 1
-122.1246172 37.4197299 1
-122.1245573 37.421251 1
-122.1245214 37.4199468 1
-122.1244773 37.420224 1
-122.1244622 37.4189579 1
-122.1244622 37.4189579 1
-122.1244378 37.4310883 1
-122.1244028 37.4221746 1
-122.124353 37.428198 1
-122.1243198 37.4201327 1
-122.1242772 37.4330117 1
-122.1242447 37.4307313 1
-122.1242447 37.4307313 1
-122.1242447 37.4307313 1
-122.1242253 37.419441 1
-122.1241666 37.4203933 1
-122.1241015 37.4198867 1
-122.1240181 37.4337189 1
-122.1239964 37.4240762 1
-122.1239307 37.4186001 1
-122.1238994 37.4305187 1
-122.1238994 37.4305187 1
-122.1238994 37.4305187 1
-122.1238929 37.4201701 1
-122.1238815 37.4186393 1
-122.1238338 37.4189799 1
-122.1238077 37.4239821 1
-122.1237753 37.4185024 1
-122.1237362 37.4207114 1
-122.123691 37.4238932 1
-122.1236262 37.4292788 1
-122.1235968 37.430568 1
-122.1235257 37.4197593 1
-122.1234938 37.428273 1
-122.1234305 37.4294126 1
-122.1233488 37.4305498 1
-122.1233237 37.4277807 1
-122.1233154 37.4182622 1
-122.1232957 37.4308223 1
-122.1232355 37.4208597 1
-122.1231844 37.4283917 1
-122.1231204 37.4229141 1
-122.12307 37.4297689 1
-122.1230276 37.4338955 1
-122.1229499 37.4207188 1
-122.122906 37.4282189 1
-122.1228409 37.4183955 1
-122.1227781 37.4227324 1
-122.1227223 37.4308637 1
-122.1227223 37.4308637 1
-122.1227223 37.4308637 1
-122.1227027 37.4317926 1
-122.1226706 37.4298871 1
-122.1226489 37.4262324 1
-122.1225696 37.4246615 1
-122.1225526 37.4231731 1
-122.1224743 37.4316112 1
-122.1224157 37.4254695 1
-122.1223758 37.431172 1
-122.1223456 37.430088 1
-122.1223023 37.4286945 1
-122.1222556 37.4230491 1
-122.1222026 37.4197796 1
-122.1221431 37.420774 1
-122.1220871 37.4268165 1
-122.1220536 37.4317249 1
-122.122036 37.4298379 1
-122.121999 37.4331209 1
-122.1219392 37.4209473 1
-122.1218872 37.4216228 1
-122.1218352 37.4306339 1
-122.1217737 37.4299401 1
-122.1217381 37.4226638 1
-122.1216946 37.4253441 1
-122.1216293 37.4308405 1
-122.1215798 37.4273749 1
-122.1215368 37.4249228 1
-122.1214523 37.4309701 1
-122.1214247 37.427488 1
-122.1213742 37.4314329 1
-122.121307 37.4213243 1
-122.1212754 37.4233714 1
-122.1212123 37.4315919 1
-122.1211751 37.4227489 1
-122.1211346 37.4259524 1
-122.1210682 37.4268335 1
-122.1210318 37.4216018 1
-122.1209523 37.4336319 1
-122.1208971 37.4328897 1
-122.1208296 37.4316711 1
-122.1207551 37.4220391 1
-122.1206996 37.4309652 1
-122.1206241 37.4213525 1
-122.1205482 37.4314775 1
-122.1204612 37.4240255 1
-122.1204035 37.4273785 1
-122.1203047 37.4269166 1
-122.1202369 37.4263043 1
-122.120118 37.425437 1
-122.1200664 37.4249555 1
-122.1199452 37.4311309 1
-122.1198354 37.4324006 1
-122.1197593 37.4218618 1
-122.1196323 37.4228484 1
-122.1195736 37.4340425 1
-122.1194575 37.4322084 1
-122.1193944 37.4338799 1
-122.1192793 37.4315369 1
-122.1191497 37.4255485 1
-122.1190167 37.4240745 1
-122.1189034 37.4328751 1
-122.1187979 37.423241 1
-122.1186951 37.4319904 1
-122.118569 37.4248838 1
-122.1184303 37.4237343 1
-122.118245 37.4250777 1
-122.1181397 37.4245659 1
-122.1179899 37.4338027 1
-122.1178852 37.4231715 1
-122.1177366 37.425427 1
-122.1175628 37.4233266 1
-122.1173951 37.4244837 1
-122.1171723 37.4241424 1
-122.116985 37.4243438 1
-122.1167576 37.4237807 1
-122.1164658 37.4333902 1
-122.1162128 37.4247958 1
-122.11593 37.4246307 1
-122.1151765 37.4242076 1
-122.1197611 37.4341181 2
-122.116937 37.4341639 2
-122.1310715 37.4342017 2
-122.1225698 37.4342565 2
-122.1268132 37.4342959 2
-122.1337769 37.4343542 2
-122.1149493 37.4343863 2
-122.1230646 37.4344317 2
-122.1200368 37.4344938 2
-122.1151233 37.4345261 2
-122.1152306 37.4346173 2
-122.1200142 37.4346624 2
-122.1169688 37.4346933 2
-122.1144588 37.4347496 2
-122.1217848 37.4348109 2
-122.1241019 37.4348598 2
-122.1157451 37.4349049 2
-122.1305384 37.4349643 2
-122.1260595 37.4350039 2
-122.1307184 37.4350588 2
-122.1267713 37.4351222 2
-122.1296711 37.435152 2
-122.119336 37.4352241 2
-122.121147 37.4352572 2
-122.131869 37.4352954 2
-122.1249248 37.435356 2
-122.1320177 37.4354023 2
-122.1247855 37.4354551 2
-122.1259575 37.4354833 2
-122.121987 37.4355509 2
-122.113125 37.4355886 2
-122.1154083 37.4356391 2
-122.1255986 37.4356786 2
-122.1148329 37.4357227 2
-122.1155617 37.4357392 2
-122.1302996 37.4358039 2
-122.1265027 37.4358353 2
-122.1190287 37.4358853 2
-122.1314666 37.4359279 2
-122.1214046 37.4359884 2
-122.1130089 37.436044 2
-122.1175579 37.4360651 2
-122.1137473 37.4361185 2
-122.129333 37.4361625 2
-122.1156051 37.4362131 2
-122.1132957 37.4362505 2
-122.1209764 37.4362994 2
-122.1180058 37.4363303 2
-122.1255141 37.4363874 2
-122.1212299 37.4364214 2
-122.1235486 37.4364815 2
-122.1227561 37.436533 2
-122.1137502 37.4365877 2
-122.121014 37.4366277 2
-122.1200367 37.4366485 2
-122.1276789 37.4366808 2
-122.1255585 37.4367138 2
-122.1207476 37.4367745 2
-122.1152582 37.4368218 2
-122.1205156 37.4368696 2
-122.1202547 37.436907 2
-122.1179186 37.4369276 2
-122.1291606 37.437019 2
-122.1168898 37.437057 2
-122.1217728 37.4371096 2
-122.1275954 37.4371554 2
-122.1242492 37.4372126 2
-122.1215972 37.4372483 2
-122.1139276 37.4372873 2
-122.1288356 37.4373473 2
-122.1160997 37.4373988 2
-122.1289574 37.4374607 2
-122.1252049 37.4375237 2
-122.1216809 37.4375657 2
-122.1240235 37.4376146 2
-122.1292943 37.4376547 2
-122.1278596 37.4377149 2
-122.1304638 37.4377696 2
-122.1296126 37.4378474 2
-122.1155875 37.4379411 2
-122.1281893 37.4379842 2
-122.1274373 37.4380605 2
-122.1267501 37.4381114 2
-122.1248622 37.4381698 2
-122.1252739 37.4382341 2
-122.1271855 37.4383211 2
-122.1258149 37.438359 2
-122.1182054 37.4384387 2
-122.125681 37.438504 2
-122.1178925 37.4385972 2
-122.11646 37.4386114 2
-122.11646 37.4386114 2
-122.1205878 37.4386885 2
-122.1167031 37.4387498 2
-122.1167031 37.4387498 2
-122.1292108 37.4387805 2
-122.1259293 37.4388874 2
-122.1176424 37.438936 2
-122.1208603 37.4390273 2
-122.1283124 37.4391161 2
-122.126543 37.4392058 2
-122.1195973 37.4392869 2
-122.1211837 37.4393374 2
-122.1177953 37.4393806 2
-122.1259847 37.4394419 2
-122.1165676 37.4394881 2
-122.1196409 37.4395414 2
-122.117835 37.4395848 2
-122.1172431 37.4396162 2
-122.1197041 37.4396531 2
-122.1255996 37.4397134 2
-122.1225133 37.4397676 2
-122.1265567 37.4398158 2
-122.1186238 37.4398528 2
-122.1220853 37.439906 2
-122.1258605 37.4399307 2
-122.1268956 37.440011 2
-122.1182012 37.4400813 2
-122.1248124 37.4401403 2
-122.1240524 37.4402228 2
-122.1177144 37.4403192 2
-122.1216116 37.4403668 2
-122.1238092 37.4404414 2
-122.1214192 37.4405541 2
-122.1198899 37.4406228 2
-122.1224102 37.4406991 2
-122.1275519 37.4407968 2
-122.1240795 37.4408492 2
-122.1205424 37.4409414 2
-122.1199394 37.4410381 2
-122.1163685 37.4411071 2
-122.1192499 37.4411951 2
-122.1269749 37.4412696 2
-122.1202471 37.4413338 2
-122.1163054 37.4414092 2
-122.1216308 37.4415008 2
-122.1238062 37.441534 2
-122.1265982 37.4416229 2
-122.1209634 37.4416866 2
-122.1247009 37.441753 2
-122.1213023 37.4418185 2
-122.1263469 37.4418864 2
-122.1219103 37.4419539 2
-122.1202279 37.4420399 2
-122.1231784 37.4420992 2
-122.1241905 37.4422174 2
-122.1218707 37.4424073 2
-122.121304 37.4425527 2
-122.1233533 37.4426813 2
-122.1209337 37.4429244 2
-122.1235296 37.4430768 2
-122.1244712 37.4432856 2
-122.1230013 37.4434427 2
-122.1202714 37.4436311 2
-122.1232386 37.4438955 2
-122.1241135 37.4441404 2
-122.1238252 37.4444282 2
-122.122699 37.4447713 2
-122.1202596 37.4449302 2
-122.1218619 37.4450371 2
-122.1226102 37.4451611 2
-122.1213527 37.4452874 2
-122.1220306 37.4453884 2
-122.1212525 37.4454516 2
-122.121348 37.4455111 2
-122.12234 37.4455915 2
-122.1210671 37.4456714 2
-122.1212369 37.4457764 2
-122.1215094 37.4458582 2
-122.1213833 37.4459808 2
