lon lat cluster
-122.1388325 37.4280943 0
-122.1383192 37.4283796 0
-122.1373847 37.4289244 0
-122.1355108 37.4294755 0
-122.1341773 37.4301609 0
-122.132815 37.4314319 0
-122.1309758 37.4319971 0
-122.1296128 37.4322288 0
-122.1290168 37.4325577 0
-122.1277576 37.4337351 0
-122.1269988 37.4335877 0
-122.1265168 37.4345129 0
-122.1249495 37.4348415 0
-122.1243624 37.4356609 0
-122.1236255 37.4360585 0
-122.1223153 37.4358456 0
-122.1215972 37.4372483 0
-122.1205761 37.4372381 0
-122.1193657 37.4384467 0
-122.1186238 37.4398528 0
-122.1182951 37.4396931 0
-122.1179212 37.4393888 0
-122.1177953 37.4393806 0
-122.117762 37.4396256 0
-122.117474 37.4394895 0
-122.1167031 37.4387498 0
-122.1224849 37.4354355 0
-122.1239034 37.4349003 0
-122.1247819 37.4336264 0
-122.1254754 37.4328123 0
-122.1256816 37.4327091 0
-122.1258355 37.4324028 0
-122.1264376 37.4327313 0
-122.126217 37.4320657 0
-122.1268132 37.4327735 0
-122.1260201 37.4335404 0
-122.1246527 37.4327549 0
-122.1236279 37.4334732 0
-122.1225698 37.4342565 0
-122.1220752 37.4352442 0
-122.121147 37.4352572 0
-122.1201147 37.4360592 0
-122.1191667 37.4367067 0
-122.118517 37.4371263 0
-122.119894 37.4369984 0
-122.1204846 37.4381993 0
-122.119951 37.4390311 0
-122.1211837 37.4393374 0
-122.1215273 37.439828 0
-122.1218476 37.440407 0
-122.1233325 37.4416548 0
-122.1238092 37.4404414 0
-122.1246445 37.4400027 0
-122.1256507 37.4408552 0
-122.1250171 37.4414729 0
-122.1254717 37.4424689 0
-122.1262112 37.4414027 0
-122.1270911 37.4408403 0
-122.1176093 37.4340609 0
-122.1173713 37.4349835 0
-122.117829 37.4357379 0
-122.1165332 37.4364192 0
-122.1158762 37.435367 0
-122.1148941 37.4353196 0
-122.1137957 37.4356055 0
-122.1145913 37.4361275 0
-122.1154559 37.4361089 0
-122.1161403 37.43654 0
-122.1172714 37.437343 0
-122.1183736 37.4379507 0
-122.1196409 37.4395414 0
-122.1205557 37.4400171 0
-122.1212796 37.4409883 0
-122.1230188 37.4420109 0
-122.1242113 37.4429339 0
-122.1249099 37.4433809 0
-122.1139467 37.4373897 0
-122.1168704 37.4383338 0
-122.1183253 37.4392286 0
-122.1198899 37.4406228 0
-122.1192495 37.4407419 0
-122.1186297 37.4410494 0
-122.1171921 37.4400357 0
-122.1160888 37.4394151 0
-122.1160311 37.4389415 0
-122.1288589 37.433422 0
-122.1267713 37.4351222 0
-122.1268831 37.4361978 0
-122.1268092 37.437157 0
-122.1288384 37.4378022 0
-122.1274303 37.4386179 0
-122.1267416 37.4393258 0
-122.127914 37.4395111 0
-122.1285456 37.4388543 0
-122.1296301 37.4383587 0
-122.1297672 37.437945 0
-122.1289574 37.4374607 0
-122.1282461 37.4364647 0
-122.126996 37.4355789 0
-122.1262008 37.4351067 0
-122.1246225 37.4345799 0
-122.1229581 37.4330433 0
-122.1216641 37.4328159 0
-122.1205099 37.432333 0
-122.1198216 37.4316014 0
-122.1208809 37.4312323 0
-122.1216773 37.4305102 0
-122.1220826 37.4306887 0
-122.1211547 37.4305258 0
-122.1132869 37.4354761 0
-122.1157909 37.4338389 0
-122.1178148 37.4327851 0
-122.1208294 37.4305582 0
-122.1217488 37.4305796 0
-122.1226706 37.4298871 0
-122.1233363 37.4283319 0
-122.1237592 37.4274882 0
-122.1254324 37.4275823 0
-122.1279324 37.4251412 0
-122.1305691 37.4240105 0
-122.1302266 37.4239654 0
-122.1264653 37.4245389 0
-122.1280669 37.4278974 0
-122.1287737 37.4282889 0
-122.1273532 37.43012 0
-122.1262924 37.4309813 0
-122.125577 37.4320401 0
-122.1250186 37.4325639 0
-122.1235672 37.4319108 0
-122.1225826 37.4319677 0
-122.1212923 37.4318093 0
-122.1226094 37.4314581 0
-122.1228611 37.4302779 0
-122.1234311 37.4306039 0
-122.1238994 37.4305187 0
-122.1263649 37.4318444 0
-122.1242447 37.4307313 0
-122.1238994 37.4305187 0
-122.1242447 37.4307313 0
-122.1238994 37.4305187 0
-122.1244378 37.4310883 0
-122.1238081 37.4316304 0
-122.1244378 37.4310883 0
-122.1251855 37.429426 0
-122.126086 37.429289 0
-122.1269519 37.4298318 0
-122.1259891 37.4298291 0
-122.1245801 37.4283038 0
-122.1254456 37.4279037 0
-122.1239052 37.4291126 0
-122.1226706 37.4298871 0
-122.1214203 37.4301726 0
-122.1209783 37.4306537 0
-122.1226706 37.4298871 0
-122.122036 37.4298379 0
-122.1216416 37.430066 0
-122.1227223 37.4308637 0
-122.1227223 37.4308637 0
-122.1227223 37.4308637 0
-122.1188153 37.4339921 0
-122.1198722 37.4349931 0
-122.120407 37.4346516 0
-122.1195922 37.433405 0
-122.1192793 37.4315369 0
-122.1201358 37.432137 0
-122.1213316 37.4331905 0
-122.1207363 37.4327825 0
-122.1195956 37.4331944 0
-122.1182139 37.4329553 0
-122.1167532 37.4336216 0
-122.1179095 37.4343527 0
-122.119115 37.4345004 1
-122.1204083 37.435842 1
-122.1219162 37.4362789 1
-122.1235343 37.4373008 1
-122.1243616 37.4384344 1
-122.1262325 37.4398224 1
-122.1276651 37.4405226 1
-122.1222992 37.4425462 1
-122.1245182 37.4436843 1
-122.1230853 37.4447221 1
-122.1228226 37.4436095 1
-122.1219045 37.4435449 1
-122.1210739 37.4442234 1
-122.1217492 37.4431041 1
-122.1224501 37.4429457 1
-122.1238062 37.441534 1
-122.1244888 37.4408567 1
-122.1251701 37.4400097 1
-122.1258605 37.4399307 1
-122.1264898 37.4383256 1
-122.1277789 37.4370238 1
-122.1297864 37.4356543 1
-122.1306162 37.4348327 1
-122.1290717 37.4352118 1
-122.1283615 37.4356992 1
-122.1275368 37.4359481 1
-122.1302261 37.4372188 1
-122.130953 37.4364058 1
-122.1314516 37.4354595 1
-122.1174967 37.4255272 1
-122.1168433 37.4251828 1
-122.1192532 37.4266231 1
-122.1214636 37.4280445 1
-122.1234182 37.4292465 1
-122.1236133 37.4295334 1
-122.1238283 37.430281 1
-122.1244378 37.4310883 1
-122.1276607 37.4318908 1
-122.1287949 37.4326491 1
-122.1294645 37.43315 1
-122.1297329 37.434114 1
-122.1310933 37.4348168 1
-122.132331 37.4355867 1
-122.1337609 37.4336798 1
-122.1222247 37.4455121 1
-122.1208568 37.4457665 1
-122.1223035 37.4455622 1
-122.1208053 37.445735 1
-122.1220948 37.4454845 1
-122.1202152 37.4453855 1
-122.1166085 37.4416828 1
-122.1162091 37.4416455 1
-122.1162768 37.4411658 1
-122.1168152 37.4418171 1
-122.1171599 37.4418602 1
-122.1196667 37.4415139 1
-122.1199394 37.4410381 1
-122.1216809 37.4375657 1
-122.1229115 37.4369182 1
-122.1238229 37.436312 1
-122.1246015 37.435891 1
-122.1261804 37.4366195 1
-122.1251318 37.4366827 1
-122.1242492 37.4372126 1
-122.1258082 37.4377552 1
-122.1260581 37.4375946 1
-122.1249629 37.4387844 1
-122.1243476 37.4395016 1
-122.1229958 37.4400832 1
-122.1224102 37.4406991 1
-122.1223663 37.4418635 1
-122.1211522 37.4419798 1
-122.1211272 37.4427927 1
-122.1209176 37.4458098 1
-122.1221457 37.4454583 1
-122.121348 37.4455111 1
-122.1213527 37.4452874 1
-122.1217615 37.4452073 1
-122.1219185 37.4453208 1
-122.1226102 37.4451611 1
-122.11646 37.4386114 1
-122.1167031 37.4387498 1
-122.11646 37.4386114 1
-122.1180058 37.4363303 1
-122.1164205 37.4378811 1
-122.1154153 37.4378391 1
-122.1146121 37.4372556 1
-122.1141065 37.4374298 1
-122.1134185 37.4363654 1
-122.1126195 37.4363163 1
-122.1157451 37.4349049 1
-122.1169279 37.4356753 1
-122.1197063 37.4357354 1
-122.1222431 37.4339401 1
-122.121014 37.4366277 1
-122.1161496 37.4344436 1
-122.1270931 37.4322773 1
-122.1286199 37.431771 1
-122.1289386 37.4318951 1
-122.1298322 37.4328902 1
-122.1308425 37.4329756 1
-122.1316244 37.432563 1
-122.1311138 37.4333568 1
-122.1311045 37.4332877 1
-122.1319466 37.4333797 1
-122.1325166 37.4324793 1
-122.1342458 37.4331776 1
-122.1352567 37.4328787 1
-122.1342441 37.4328257 1
-122.1335376 37.4315836 1
-122.1324524 37.4318318 1
-122.1317622 37.4307727 1
-122.1304454 37.4305326 1
-122.129617 37.4294234 1
-122.128307 37.4286451 1
-122.1271057 37.4273502 1
-122.1259208 37.4276841 1
-122.1248306 37.4263638 1
-122.1237703 37.4257455 1
-122.122373 37.4248698 1
-122.1205752 37.4244355 1
-122.1194746 37.4237405 1
-122.118014 37.4241217 1
-122.1192858 37.4233533 1
-122.1202945 37.4232432 1
-122.121271 37.4240866 1
-122.121905 37.4232068 1
-122.1208402 37.4231232 1
-122.1204305 37.422271 1
-122.1194565 37.422908 1
-122.1186353 37.4233713 1
-122.1175628 37.4233266 1
-122.1159972 37.4242766 1
-122.1171297 37.4250417 1
-122.1184932 37.4246031 1
-122.1203564 37.4247724 1
-122.1195668 37.4252787 1
-122.1186667 37.4252807 1
-122.1194134 37.4263813 1
-122.1201305 37.4268121 1
-122.1207252 37.4266358 1
-122.1213136 37.425675 1
-122.1221753 37.4256498 1
-122.1223959 37.4265549 1
-122.1216505 37.4272269 1
-122.121806 37.4281742 1
-122.1292576 37.4343264 1
-122.1306522 37.4316027 1
-122.1297082 37.4310078 1
-122.1317927 37.4287487 1
-122.134903 37.4261088 1
-122.1335923 37.4247836 1
-122.1324908 37.4239544 1
-122.1321128 37.4243507 1
-122.1315994 37.4248715 1
-122.1310405 37.4260301 1
-122.1288924 37.4251671 1
-122.1371188 37.430786 1
-122.1362927 37.4302449 1
-122.1353314 37.4292101 1
-122.1344469 37.42875 1
-122.1337922 37.4283039 1
-122.132665 37.4275987 1
-122.131862 37.427129 1
-122.1309715 37.426556 1
-122.1294244 37.4255817 1
-122.1283869 37.4241842 1
-122.1271012 37.4238859 1
-122.1264297 37.4234792 1
-122.1257903 37.4230079 1
-122.1246788 37.422329 2
-122.1239348 37.4218794 2
-122.1232234 37.4214596 2
-122.1225657 37.4210289 2
-122.1221556 37.4202212 2
-122.1207937 37.4209495 2
-122.1214335 37.4213935 2
-122.1221195 37.421829 2
-122.1227982 37.4222518 2
-122.1234826 37.4226756 2
-122.1244877 37.4227293 2
-122.1255691 37.4234431 2
-122.1262572 37.423855 2
-122.1273415 37.4245924 2
-122.1281507 37.4258939 2
-122.1290906 37.4259336 2
-122.1297333 37.426331 2
-122.1305996 37.4274485 2
-122.1313451 37.4279277 2
-122.1320712 37.4284355 2
-122.1334056 37.4286394 2
-122.1341624 37.429092 2
-122.1349049 37.4295742 2
-122.1362298 37.4305823 2
-122.1368539 37.4315148 2
-122.1204733 37.4212679 2
-122.1209317 37.4221518 2
-122.1219622 37.4222177 2
-122.1226417 37.4226464 2
-122.123067 37.4234869 2
-122.1240291 37.4235538 2
-122.1249395 37.4246913 2
-122.125884 37.4247007 2
-122.1263356 37.4258463 2
-122.1277526 37.4262317 2
-122.1283377 37.427226 2
-122.1286794 37.4279485 2
-122.1299694 37.4275921 2
-122.1308225 37.428139 2
-122.1316483 37.4286496 2
-122.1323713 37.4297456 2
-122.1333224 37.4297089 2
-122.1342726 37.4309001 2
-122.1352712 37.4316209 2
-122.1359723 37.4319821 2
-122.1351347 37.4318404 2
-122.1346577 37.4323256 2
-122.1333002 37.4336272 2
-122.1329765 37.4346378 2
-122.1311599 37.4351783 2
-122.1302996 37.4358039 2
-122.1297084 37.4363833 2
-122.1323022 37.430702 2
-122.1316301 37.4302725 2
-122.1307693 37.429189 2
-122.1298864 37.4291569 2
-122.1259258 37.4265206 2
-122.125289 37.4255673 2
-122.1244861 37.4250733 2
-122.1233034 37.4250024 2
-122.1225696 37.4246615 2
-122.1217594 37.4243157 2
-122.1250588 37.4230454 2
-122.1269337 37.4216369 2
-122.1355736 37.4284902 2
-122.1252603 37.420689 2
-122.125013 37.4204273 2
-122.1253219 37.4203513 2
-122.1256933 37.4205838 2
-122.1257672 37.4198622 2
-122.1256354 37.4200701 2
-122.1254139 37.4203345 2
-122.1259834 37.4199069 2
-122.1261992 37.4200432 2
-122.1244622 37.4189579 2
-122.1257863 37.4200794 2
-122.1244622 37.4189579 2
-122.1249138 37.4202828 2
-122.1250672 37.4200766 2
-122.1251824 37.4199008 2
-122.1249333 37.4197503 2
-122.1247458 37.4197052 2
-122.1249463 37.4194697 2
-122.1253043 37.4196517 2
-122.1252604 37.4198335 2
-122.1243926 37.41996 2
-122.1245075 37.4201873 2
-122.1247539 37.4202984 2
-122.123807 37.4197075 2
-122.1236286 37.4192034 2
-122.1242253 37.419441 2
-122.1238929 37.4201701 2
-122.1238929 37.4201701 2
-122.1237943 37.4185929 2
-122.1264244 37.4203119 2
-122.126891 37.420535 2
-122.127645 37.4208811 2
-122.128037 37.4212402 2
-122.1287157 37.421712 2
-122.1291782 37.4219302 2
-122.1296809 37.4223857 2
-122.1303606 37.4225922 2
-122.1312422 37.4233672 2
-122.1315874 37.4235423 2
-122.1319183 37.4237437 2
-122.1322745 37.4239503 2
-122.1335923 37.4247836 2
-122.1341398 37.4249727 2
-122.1345577 37.4252779 2
-122.1355098 37.4259703 2
-122.1358731 37.4261184 2
-122.1361847 37.4264775 2
-122.1365396 37.4267164 2
-122.1368876 37.4269509 2
-122.1372837 37.4271347 2
-122.1376967 37.4272848 2
-122.1380354 37.4274735 2
-122.1385713 37.4278147 2
-122.1384618 37.4285866 2
-122.1387625 37.4288533 2
-122.1388444 37.4292997 2
-122.1378351 37.4280304 2
-122.1370712 37.4280894 2
-122.1366408 37.4271889 2
-122.1359456 37.4267655 2
-122.1349605 37.4267287 2
-122.1339152 37.4260535 2
-122.1333676 37.4251412 2
-122.1326945 37.4248018 2
-122.1317925 37.4246756 2
-122.1317512 37.4241193 2
-122.1316709 37.4239969 2
-122.1315111 37.4238244 2
-122.1309945 37.4244325 2
-122.1308095 37.4242495 2
-122.1307333 37.424157 2
-122.130775 37.4236153 2
-122.1296381 37.4233815 2
-122.1289415 37.4229313 2
-122.1283009 37.4224539 2
-122.1276108 37.4220597 2
-122.1264935 37.4213469 2
-122.1257952 37.4209603 2
-122.122983 37.4185038 2
-122.1189874 37.4222737 2
-122.117471 37.4230675 2
-122.1153652 37.4241416 2
-122.1180915 37.4244086 2
-122.1208839 37.4263455 2
-122.1239155 37.4272023 2
-122.1380791 37.4297958 2
-122.1373614 37.4293036 2
-122.1360435 37.4285736 2
-122.1353106 37.4281 2
-122.1344564 37.4276028 2
-122.1333783 37.4268572 2
-122.1328366 37.425929 2
-122.1317024 37.4258272 2
-122.1302657 37.4243718 2
-122.1287325 37.4238698 2
-122.1282956 37.4229434 2
-122.1274618 37.4224242 2
-122.1268203 37.4219944 2
-122.1254311 37.4218156 2
-122.1246765 37.421303 2
-122.1238594 37.4208355 2
-122.1231825 37.4198686 2
-122.1225486 37.4193228 2
-122.1233154 37.4182622 2
-122.1233154 37.4182622 2
