lon lat cluster
-122.1388325 37.4280943 0
-122.1383192 37.4283796 0
-122.1373847 37.4289244 0
-122.1355108 37.4294755 0
-122.1341773 37.4301609 0
-122.132815 37.4314319 0
-122.1309758 37.4319971 0
-122.1296128 37.4322288 0
-122.1290168 37.4325577 0
-122.1277576 37.4337351 0
-122.1269988 37.4335877 0
-122.1265168 37.4345129 0
-122.1249495 37.4348415 0
-122.1243624 37.4356609 0
-122.1236255 37.4360585 0
-122.1223153 37.4358456 0
-122.1215972 37.4372483 0
-122.1205761 37.4372381 0
-122.1193657 37.4384467 0
-122.1186238 37.4398528 0
-122.1182951 37.4396931 0
-122.1179212 37.4393888 0
-122.1177953 37.4393806 0
-122.117762 37.4396256 0
-122.117474 37.4394895 0
-122.1167031 37.4387498 0
-122.1277803 37.4258715 0
-122.1252451 37.4276835 0
-122.1237661 37.4280445 0
-122.1231844 37.4283917 0
-122.1223185 37.4298127 0
-122.1213538 37.4304254 0
-122.1203368 37.4308434 0
-122.1177622 37.4329763 0
-122.1154886 37.4340526 0
-122.1129631 37.4356871 0
-122.1211672 37.4303468 0
-122.1223456 37.430088 0
-122.1336012 37.43387 0
-122.1297672 37.437945 0
-122.1289574 37.4374607 0
-122.1282461 37.4364647 0
-122.126996 37.4355789 0
-122.1262008 37.4351067 0
-122.1246225 37.4345799 0
-122.1229581 37.4330433 0
-122.1216641 37.4328159 0
-122.1205099 37.432333 0
-122.1198216 37.4316014 0
-122.1317629 37.4346436 0
-122.130386 37.4337607 0
-122.1291953 37.4342838 0
-122.1289808 37.4335083 0
-122.1285112 37.4324701 0
-122.1243472 37.4320575 0
-122.1238994 37.4305187 0
-122.1241288 37.4295596 0
-122.1235639 37.4293073 0
-122.123161 37.4291852 0
-122.1200736 37.4271442 0
-122.1176551 37.4257027 0
-122.1160724 37.4247072 0
-122.1341055 37.4336193 0
-122.1303549 37.4335946 0
-122.132332 37.4325786 0
-122.1317075 37.4334377 0
-122.1309383 37.4333721 0
-122.1268831 37.4361978 0
-122.1268092 37.437157 0
-122.1288384 37.4378022 0
-122.1274303 37.4386179 0
-122.1267416 37.4393258 0
-122.1286696 37.4332885 0
-122.1275468 37.4344973 0
-122.1302258 37.4308066 0
-122.1291384 37.4319308 0
-122.128614 37.432238 0
-122.1316203 37.4305743 0
-122.1267713 37.4351222 0
-122.1270931 37.4322773 0
-122.1263649 37.4318444 0
-122.1242447 37.4307313 0
-122.1238994 37.4305187 0
-122.1228444 37.4359512 0
-122.1187181 37.4377349 0
-122.1190137 37.4368111 0
-122.1199321 37.4361528 0
-122.1210431 37.4353682 0
-122.1216763 37.4349436 0
-122.1226557 37.4347695 0
-122.1233636 37.4341861 0
-122.1244617 37.4328871 0
-122.1244399 37.4323746 0
-122.1234357 37.4322925 0
-122.1214349 37.4338224 0
-122.1208567 37.4334236 0
-122.1198274 37.4327993 0
-122.1183611 37.4334738 0
-122.1244378 37.4310883 0
-122.1246519 37.4308366 0
-122.1240132 37.4313765 0
-122.1238994 37.4305187 0
-122.1238994 37.4305187 0
-122.1242447 37.4307313 0
-122.1206448 37.4350025 0
-122.119999 37.4336625 0
-122.1189057 37.4321957 0
-122.1242003 37.4291532 0
-122.1211536 37.4327888 0
-122.1199113 37.4319771 0
-122.1213644 37.4311345 0
-122.1207816 37.4310162 0
-122.1351347 37.4318404 0
-122.1346577 37.4323256 0
-122.1333002 37.4336272 0
-122.1329765 37.4346378 0
-122.1311599 37.4351783 0
-122.1302996 37.4358039 0
-122.1297084 37.4363833 0
-122.1320316 37.4323201 0
-122.1311334 37.4322837 0
-122.130551 37.433103 0
-122.1265875 37.4290239 0
-122.1257905 37.4287382 0
-122.1253504 37.4299884 0
-122.1274713 37.4295344 0
-122.12643 37.4308588 0
-122.1273705 37.4293357 0
-122.1264224 37.4298276 0
-122.1221416 37.4278557 0
-122.1257207 37.4319125 0
-122.1253071 37.4326994 0
-122.1288643 37.4350966 0
-122.1282806 37.435845 0
-122.1320265 37.4360805 0
-122.1313487 37.4360435 0
-122.1307306 37.4366534 0
-122.1296307 37.4367985 0
-122.1267562 37.4325241 0
-122.1264895 37.4326819 0
-122.126003 37.4325056 0
-122.1260401 37.4331035 0
-122.1258971 37.4332817 0
-122.1253434 37.4337684 0
-122.1242747 37.4347629 0
-122.1234262 37.4352516 0
-122.1265184 37.4330744 0
-122.1280721 37.4335859 0
-122.1232363 37.4306665 0
-122.1226706 37.4298871 0
-122.1214203 37.4301726 0
-122.1226706 37.4298871 0
-122.1209783 37.4306537 0
-122.122036 37.4298379 0
-122.1220052 37.4300789 0
-122.1221183 37.4301515 0
-122.1227223 37.4308637 0
-122.1227223 37.4308637 0
-122.1230163 37.4314966 0
-122.1224445 37.432684 0
-122.1221805 37.4315834 0
-122.1306852 37.4375785 0
-122.1253885 37.4366586 0
-122.1244149 37.4371249 0
-122.122388 37.4338161 0
-122.1255141 37.4363874 0
-122.1204038 37.445199 1
-122.1212231 37.4426775 1
-122.1213023 37.4418185 1
-122.122184 37.4415956 1
-122.1225165 37.4405551 1
-122.123116 37.4399954 1
-122.1244701 37.4393414 1
-122.1184756 37.4409082 1
-122.1192499 37.4411951 1
-122.1197794 37.4408158 1
-122.1223023 37.4434503 1
-122.1233533 37.4426813 1
-122.1240846 37.4412876 1
-122.1251218 37.4409147 1
-122.1249717 37.4393993 1
-122.1259293 37.4388874 1
-122.1271855 37.4383211 1
-122.1287706 37.4360929 1
-122.1300319 37.4354135 1
-122.1201513 37.440923 1
-122.120159 37.4415206 1
-122.1202279 37.4420399 1
-122.1132196 37.4367545 1
-122.1139276 37.4372873 1
-122.1144044 37.4376805 1
-122.1151411 37.4382655 1
-122.1161587 37.4380827 1
-122.117659 37.4365997 1
-122.1231586 37.435804 1
-122.1167031 37.4387498 1
-122.1167031 37.4387498 1
-122.1167031 37.4387498 1
-122.1160905 37.4389044 1
-122.1167691 37.4393374 1
-122.1230884 37.4433528 1
-122.1235037 37.4440518 1
-122.1214957 37.4432827 1
-122.1207541 37.4445392 1
-122.1170058 37.4419469 1
-122.1164822 37.4413088 1
-122.1161319 37.441265 1
-122.1245551 37.4429626 1
-122.1237581 37.4426711 1
-122.1215768 37.4411389 1
-122.1206861 37.4406562 1
-122.1202293 37.4393508 1
-122.1191552 37.4385386 1
-122.1179198 37.4376612 1
-122.1162128 37.4371368 1
-122.1152582 37.4368218 1
-122.114901 37.4363161 1
-122.1141023 37.4358056 1
-122.1230853 37.4447221 1
-122.1274905 37.4404151 1
-122.126543 37.4392058 1
-122.1242298 37.4383672 1
-122.123075 37.4376838 1
-122.1217254 37.4361828 1
-122.1199925 37.4356473 1
-122.1187402 37.4348666 1
-122.1177618 37.4342476 1
-122.1170455 37.4332097 1
-122.12503 37.4421772 1
-122.1224633 37.4446254 1
-122.1266502 37.4405553 1
-122.1235296 37.4430768 1
-122.1210589 37.4457049 1
-122.1214992 37.4450404 1
-122.1214541 37.4455752 1
-122.121584 37.4458672 1
-122.1215541 37.4458518 1
-122.1215231 37.4458315 1
-122.1212829 37.4454727 1
-122.1214622 37.4457916 1
-122.1209828 37.4458518 1
-122.1217615 37.4452073 1
-122.118242 37.4339212 1
-122.1228563 37.4423014 1
-122.1166337 37.4417174 1
-122.1162518 37.4416828 1
-122.1175471 37.4402475 1
-122.1200515 37.4370935 1
-122.121014 37.4366277 1
-122.1178925 37.4385972 1
-122.1190287 37.4358853 1
-122.1163809 37.435335 1
-122.1152306 37.4346173 1
-122.1170003 37.4361095 1
-122.1159852 37.4360634 1
-122.1153892 37.4350262 1
-122.1139467 37.4373897 1
-122.116937 37.4341639 1
-122.1157891 37.4341901 1
-122.124885 37.4362534 1
-122.1241292 37.4366668 1
-122.1230875 37.4367513 1
-122.1218266 37.4374863 1
-122.1267157 37.4375711 1
-122.125555 37.4380382 1
-122.129037 37.4383235 1
-122.1283962 37.4389949 1
-122.1277877 37.4396451 1
-122.1250554 37.4377059 1
-122.1218476 37.440407 1
-122.1215273 37.439828 1
-122.1211837 37.4393374 1
-122.125075 37.4403058 1
-122.1242231 37.4406944 1
-122.1232773 37.4410899 1
-122.1170239 37.4345758 1
-122.1263384 37.4408473 1
-122.1256633 37.4414583 1
-122.1197063 37.4357354 1
-122.1264478 37.4417813 1
-122.1195442 37.4383231 1
-122.1207876 37.4384176 1
-122.119662 37.4386645 1
-122.1327823 37.4243506 2
-122.1320833 37.4243828 2
-122.1314662 37.4246963 2
-122.1299807 37.4270058 2
-122.134903 37.4261088 2
-122.1317927 37.4287487 2
-122.1197593 37.4218618 2
-122.1182386 37.4226683 2
-122.1162662 37.4236968 2
-122.1266194 37.4214532 2
-122.1249585 37.4236226 2
-122.1302266 37.4239654 2
-122.1376264 37.430509 2
-122.1368199 37.4299615 2
-122.1359604 37.4291703 2
-122.1350203 37.4284721 2
-122.134268 37.4280151 2
-122.1331492 37.4279037 2
-122.1320513 37.4272025 2
-122.1316726 37.4263682 2
-122.1298267 37.4258233 2
-122.1286026 37.4244224 2
-122.1276735 37.4242501 2
-122.1269288 37.4231777 2
-122.1262206 37.422801 2
-122.1251269 37.4220865 2
-122.1244102 37.4215968 2
-122.12376 37.4212065 2
-122.1231027 37.4207723 2
-122.1221431 37.420774 2
-122.121489 37.4203185 2
-122.1375749 37.4300395 2
-122.1367567 37.4293015 2
-122.1361056 37.4280242 2
-122.13535 37.4274761 2
-122.1345034 37.4270078 2
-122.1333663 37.4263036 2
-122.1323645 37.4262779 2
-122.1314244 37.4255968 2
-122.1297613 37.4240786 2
-122.1288019 37.4232897 2
-122.1276274 37.4231533 2
-122.1269889 37.4227143 2
-122.1262141 37.4216117 2
-122.1255288 37.4211875 2
-122.1244134 37.4211735 2
-122.1236053 37.4206538 2
-122.1230546 37.4197515 2
-122.1220674 37.4196586 2
-122.1357343 37.4319177 2
-122.1349425 37.4313586 2
-122.1336345 37.4305126 2
-122.132878 37.4300786 2
-122.1321032 37.429579 2
-122.1310825 37.4288942 2
-122.130332 37.4284874 2
-122.129383 37.4280004 2
-122.1290419 37.4270078 2
-122.1281736 37.4271303 2
-122.127098 37.4258311 2
-122.12642 37.4251506 2
-122.1254302 37.425025 2
-122.1249262 37.424083 2
-122.1235248 37.4238079 2
-122.1231204 37.4229141 2
-122.1221658 37.4229529 2
-122.1216867 37.4220386 2
-122.1207551 37.4220391 2
-122.139172 37.4290348 2
-122.1387302 37.4287674 2
-122.1387297 37.4283354 2
-122.1365835 37.4313706 2
-122.1355211 37.4307239 2
-122.1343804 37.42983 2
-122.1336789 37.4293977 2
-122.1328615 37.4288877 2
-122.1321675 37.4278547 2
-122.1313984 37.4273751 2
-122.1304984 37.4267721 2
-122.1292329 37.4266049 2
-122.1286087 37.4262162 2
-122.1274005 37.425418 2
-122.1268251 37.4248636 2
-122.1257901 37.4241449 2
-122.1251071 37.4237056 2
-122.1242336 37.4225453 2
-122.123494 37.4220972 2
-122.12281 37.4216763 2
-122.1221518 37.4212294 2
-122.1211751 37.4212305 2
-122.1384683 37.4296797 2
-122.1377174 37.4278934 2
-122.1369566 37.4280196 2
-122.1362876 37.427591 2
-122.1358428 37.4266959 2
-122.1352506 37.4263205 2
-122.134052 37.4255871 2
-122.1330337 37.4255414 2
-122.1324238 37.4250991 2
-122.1320361 37.4241659 2
-122.1317199 37.4241555 2
-122.1316348 37.4240408 2
-122.1314705 37.4238741 2
-122.1313967 37.4237369 2
-122.1307794 37.4242774 2
-122.1307057 37.4241884 2
-122.1307863 37.4235273 2
-122.1298984 37.4228572 2
-122.1292227 37.4224471 2
-122.1285398 37.4220137 2
-122.127876 37.4215951 2
-122.1267606 37.4209076 2
-122.1236167 37.4189401 2
-122.1226254 37.4189526 2
-122.1344647 37.4324399 2
-122.1335333 37.4318816 2
-122.1325966 37.4318942 2
-122.1318945 37.4308694 2
-122.130587 37.4306167 2
-122.1297529 37.4295356 2
-122.1282007 37.429158 2
-122.1269664 37.4278223 2
-122.1263008 37.4273477 2
-122.1247326 37.4269527 2
-122.1228529 37.4276853 2
-122.1222672 37.4253227 2
-122.1208055 37.4245491 2
-122.1193228 37.4242215 2
-122.1184303 37.4237343 2
-122.1331847 37.4280637 2
-122.1385713 37.4278147 2
-122.1380354 37.4274735 2
-122.1376967 37.4272848 2
-122.1372837 37.4271347 2
-122.1368876 37.4269509 2
-122.1365396 37.4267164 2
-122.1361847 37.4264775 2
-122.1358731 37.4261184 2
-122.1355098 37.4259703 2
-122.1345577 37.4252779 2
-122.1341398 37.4249727 2
-122.1335923 37.4247836 2
-122.1322745 37.4239503 2
-122.1319183 37.4237437 2
-122.1315874 37.4235423 2
-122.1312422 37.4233672 2
-122.1303606 37.4225922 2
-122.1296809 37.4223857 2
-122.1291782 37.4219302 2
-122.1287157 37.421712 2
-122.128037 37.4212402 2
-122.127645 37.4208811 2
-122.126891 37.420535 2
-122.1264244 37.4203119 2
-122.1237943 37.4185929 2
-122.1271439 37.4243528 2
-122.1257308 37.4210263 2
-122.1324123 37.4307978 2
-122.1317563 37.4303653 2
-122.1307915 37.4296647 2
-122.1300428 37.4292618 2
-122.129229 37.4288173 2
-122.1254762 37.4256658 2
-122.1246756 37.425169 2
-122.12364 37.4251596 2
-122.1229409 37.4242969 2
-122.1220581 37.4241167 2
-122.1335923 37.4247836 2
-122.1258813 37.4280433 2
-122.1250301 37.4281175 2
-122.1245037 37.4271302 2
-122.1216946 37.4253441 2
-122.1209382 37.4254331 2
-122.1204194 37.4264272 2
-122.1198869 37.4260837 2
-122.1214537 37.4261381 2
-122.120624 37.4256201 2
-122.1258852 37.4203375 2
-122.1254556 37.4201603 2
-122.1259834 37.4199069 2
-122.1260922 37.4201801 2
-122.1258092 37.4204721 2
-122.125419 37.4202371 2
-122.1259458 37.4198273 2
-122.1256792 37.4199932 2
-122.1255028 37.420461 2
-122.1251002 37.4205882 2
-122.125466 37.4204387 2
-122.1252047 37.420665 2
-122.1252608 37.4197401 2
-122.1246909 37.4203717 2
-122.1246172 37.4197299 2
-122.1253043 37.4196517 2
-122.1248823 37.4202623 2
-122.1245412 37.4198664 2
-122.1249333 37.4197503 2
-122.1252412 37.4199425 2
-122.1246084 37.420205 2
-122.1248115 37.4196471 2
-122.1249618 37.4198491 2
-122.1214335 37.4229119 2
-122.1204219 37.4228646 2
-122.1242553 37.419715 2
-122.1239532 37.4192678 2
-122.1169536 37.4249359 2
-122.1192309 37.4246153 2
-122.1206544 37.4234237 2
-122.1197512 37.4230932 2
-122.1178962 37.424812 2
-122.1238929 37.4201701 2
-122.1238929 37.4201701 2
-122.1239088 37.4197592 2
-122.1234732 37.4193556 2
-122.1233154 37.4182622 2
-122.1233154 37.4182622 2
-122.1192029 37.4224849 2
-122.1184106 37.4229423 2
-122.1174171 37.4234058 2
-122.1218472 37.4237816 2
-122.1206479 37.4239729 2
-122.1277876 37.4281652 2
-122.1286199 37.4284534 2
-122.1223959 37.4265549 2
-122.1216505 37.4272269 2
-122.1202318 37.4248822 2
-122.1193341 37.4248368 2
-122.1187485 37.4258239 2
-122.1219875 37.427862 2
