lon lat
-122.1470948 37.418521899902274
-122.1466542 37.41904909990234
-122.1463195 37.419147099902354
-122.14605869999998 37.419102499902344
-122.14605869999998 37.419102499902344

-122.14688530000001 37.4171583999021
-122.1460117 37.418213999902235
-122.1457319 37.41855199990227

-122.14579049999999 37.39470419989911
-122.1458486 37.39488219989913
-122.14611079999997 37.39488079989914

-122.14605869999998 37.419102499902344
-122.1459146 37.41903249990234

-122.14564680000001 37.39358649989896
-122.14498209999996 37.393813699899

-122.14660450000001 37.39410609989904
-122.1460934 37.394274599899056

-122.1474957 37.394775399899125
-122.14739540000001 37.39444409989908
-122.1471522 37.394008599899024
-122.14660450000001 37.39410609989904

-122.1470948 37.418521899902274
-122.148891 37.4194939999024
-122.14888559999999 37.41961119990241
-122.1479908 37.42067199990255

-122.1482341 37.42085429990258
-122.1485356 37.420233899902506

-122.1469529 37.42013559990249
-122.14601850000001 37.41914849990235
-122.14605869999998 37.419102499902344

-122.1469313 37.417763199902176
-122.14730380000002 37.41757399990214
-122.14730380000002 37.41757399990214

-122.14702560000002 37.4172300999021
-122.14757739999999 37.416559499902
-122.14774929999999 37.416348999901984

-122.14798160000001 37.41607169990194
-122.14848869999997 37.41546669990187

-122.15123569999999 37.417411399902115
-122.15156510000001 37.41758469990215

-122.13203249999997 37.38985559989847
-122.13225649999998 37.389766699898466
-122.13288709999998 37.389741999898455
-122.13288709999998 37.389741999898455

-122.14975119999998 37.41641549990197
-122.14938029999998 37.41617839990196

-122.13203249999997 37.38985559989847
-122.1322635 37.39040299989854
-122.13221419999998 37.3907794998986

-122.13221419999998 37.3907794998986
-122.13114930000002 37.39076419989859
-122.1310526 37.39079619989859

-122.13213340000001 37.39135819989867
-122.13158819999998 37.391345799898666

-122.1321846 37.39145219989869
-122.13197950000001 37.39158779989871
-122.1317661 37.3916030998987
-122.13145499999999 37.3916777998987
-122.13145499999999 37.3916777998987

-122.1320606 37.39210809989877
-122.13171060000002 37.3922856998988
-122.13171060000002 37.3922856998988

-122.13159539999998 37.39228559989879
-122.1315811 37.391800499898736
-122.13142890000002 37.391796899898736

-122.13105209999999 37.39226839989879
-122.13097969999997 37.392473499898806

-122.13105209999999 37.39226839989879
-122.13085359999997 37.39200359989876
-122.13085359999997 37.39200359989876

-122.13223069999998 37.39226349989878
-122.13232479999999 37.3924201998988

-122.1498466 37.41440339990172
-122.14945609999997 37.41488329990179
-122.14882579999998 37.41565809990189
-122.14882579999998 37.41565809990189

-122.1483721 37.412985399901544
-122.1483121 37.4127799999015
-122.14824200000001 37.41277169990151
-122.1480826 37.41283039990151

-122.1499068 37.416231199901965
-122.14882579999998 37.41565809990189
-122.14882579999998 37.41565809990189

-122.15094500000001 37.4149798999018
-122.150268 37.41579369990191
-122.15022339999999 37.41584989990191

-122.1499342 37.41444809990172
-122.1505335 37.414586799901755

-122.15122349999997 37.41000139990114
-122.1518245 37.41031449990117
-122.15163199999998 37.41083789990125
-122.1514853 37.41101469990128

-122.1513471 37.40984659990112
-122.1518769 37.40919129990104
-122.1518769 37.40919129990104

-122.1531413 37.407600899900814
-122.15298299999998 37.40797439990088
-122.15298299999998 37.40797439990088

-122.1541149 37.40783829990086
-122.1530939 37.40737589990079
-122.1526419 37.407139899900756
-122.1526419 37.407139899900756

-122.15456770000002 37.40726849990078
-122.1541149 37.40783829990086

-122.15348239999997 37.40582609990059
-122.1526419 37.407139899900756

-122.15424919999998 37.4066094999007
-122.15401240000001 37.40605729990062
-122.15400599999997 37.40582799990057

-122.1544392 37.4059579999006
-122.15424919999998 37.4066094999007

-122.15074269999998 37.41919579990236
-122.15133889999998 37.41849369990227
-122.15133889999998 37.41849369990227

-122.1484765 37.418767599902296
-122.1491645 37.419121099902334
-122.1491645 37.419121099902334

-122.14967550000001 37.41894059990233
-122.1501036 37.419170799902346

-122.14556810000002 37.424833899903106
-122.14460629999999 37.424316399903034

-122.15015410000001 37.41816669990223
-122.14919370000001 37.41765169990216

-122.13205509999999 37.39323719989892
-122.1319064 37.39309199989891

-122.13205509999999 37.39323719989892
-122.13114600000002 37.3932177998989

-122.13197079999999 37.39330779989892
-122.1318024 37.39330409989893
-122.13184329999999 37.39347619989895
-122.13199620000002 37.39344899989894
-122.13197079999999 37.39330779989892
-122.13197079999999 37.39330779989892

-122.13205509999999 37.39323719989892
-122.13251809999998 37.39324939989892

-122.13251809999998 37.39324939989892
-122.1323852 37.393394099898934

-122.13288709999998 37.389741999898455
-122.13301089999999 37.389751499898466

-122.1440176 37.424006599903
-122.1442044 37.423790099902966
-122.1445477 37.423399099902916
-122.1451236 37.42367019990294
-122.1451236 37.42367019990294

-122.1451236 37.42367019990294
-122.14460629999999 37.424316399903034
-122.14460629999999 37.424316399903034

-122.14443170000001 37.424222399903016
-122.1442144 37.42410939990301

-122.13415719999998 37.39030469989852
-122.1340114 37.39028289989853

-122.13346799999998 37.38898479989835
-122.1338744 37.38933969989841
-122.1336973 37.38947929989842
-122.13311259999999 37.389554899898435
-122.13288709999998 37.389741999898455
-122.13288709999998 37.389741999898455

-122.1477754 37.41828639990223
-122.1480388 37.4180034999022

-122.1488498 37.41784069990217
-122.14841000000001 37.41769019990216
-122.14841000000001 37.41769019990216

-122.1484765 37.418767599902296
-122.1487788 37.41840599990224

-122.1483192 37.41895649990233
-122.14752070000002 37.418539199902284

-122.1438982 37.423666599902944
-122.14326369999999 37.4233356999029
-122.1425496 37.42292859990285
-122.14280979999998 37.42264099990282
-122.14320339999999 37.42216639990276

-122.14759750000002 37.417771499902166
-122.1477387 37.41760119990215

-122.1422777 37.42131209990263
-122.14238639999996 37.42117889990262

-122.1421888 37.420357399902514
-122.14280469999999 37.42069029990256
-122.14280469999999 37.42069029990256

-122.14238639999996 37.42117889990262
-122.1425252 37.4210106999026

-122.14133220000001 37.42159129990267
-122.14152139999999 37.42169069990268
-122.14152139999999 37.42169069990268

-122.14098740000001 37.421409299902656
-122.1411467 37.42149319990266

-122.14151340000001 37.42015939990249
-122.1411979 37.42054019990253
-122.1409902 37.42079079990257
-122.1409762 37.42080769990256

-122.1425252 37.4210106999026
-122.14264830000002 37.42086289990258

-122.1432233 37.42114999990262
-122.14264830000002 37.42086289990258

-122.1429318 37.42144989990265
-122.14238639999996 37.42117889990262

-122.14133220000001 37.42159129990267
-122.14089980000001 37.42211689990274

-122.1419047 37.4217485999027
-122.1420158 37.42161859990268

-122.1420158 37.42161859990268
-122.14214700000001 37.42146509990266

-122.1426562 37.421732799902706
-122.14214700000001 37.42146509990266

-122.1406492 37.42084949990258
-122.1408529 37.42095119990259

-122.14084309999998 37.421333199902634
-122.14098740000001 37.421409299902656

-122.14098740000001 37.421409299902656
-122.14072229999998 37.422021699902736

-122.1409762 37.42080769990256
-122.14081449999999 37.420719099902556

-122.1464996 37.41595559990193
-122.14575749999999 37.415855699901904

-122.14154789999998 37.418274399902245
-122.1421388 37.41744419990212
-122.14218149999998 37.41743959990214

-122.14433459999998 37.41301029990154
-122.1446059 37.41339489990158
-122.14509779999999 37.413705699901634
-122.1449137 37.41344949990159
-122.1445585 37.4128237999015
-122.14452020000002 37.4127823999015

-122.1425087 37.41691119990206
-122.1423638 37.41682319990205
-122.1423014 37.41681989990205

-122.1425087 37.41691119990206
-122.14357780000002 37.41745039990212
-122.1436045 37.41754509990214

-122.139554 37.420971699902594
-122.13930150000002 37.42114169990261

-122.14135550000002 37.41640109990199
-122.14176090000001 37.41644309990201

-122.14189019999999 37.415833399901906
-122.1418432 37.415973299901935
-122.1418432 37.415973299901935

-122.15164109999998 37.40894149990099
-122.1515776 37.40887379990099
-122.1514716 37.408879699900986
-122.15142070000002 37.40895379990099
-122.15146009999998 37.409020999901
-122.15154289999998 37.40904119990101
-122.1516186 37.409007899901006
-122.15164109999998 37.40894149990099
-122.15164109999998 37.40894149990099

-122.1504353 37.408949199901
-122.1507453 37.408950099901
-122.1507453 37.408950099901

-122.150526 37.40875159990096
-122.1508175 37.40837689990092
-122.1508789 37.40830499990091

-122.15172290000001 37.40894759990099
-122.1510453 37.409888799901125
-122.1509762 37.409972399901136

-122.1509762 37.409972399901136
-122.15016819999998 37.409559799901075
-122.15016819999998 37.409559799901075

-122.13885489999997 37.421301899902645
-122.13929789999999 37.420783799902566

-122.15180769999999 37.407782999900846
-122.1524809 37.40778619990085
-122.1520089 37.40753699990081

-122.15039429999999 37.41067269990122
-122.14995570000002 37.41044549990119
-122.14958940000001 37.41025499990117

-122.13878699999998 37.42071939990256
-122.13847649999998 37.421099299902615
-122.13847649999998 37.421099299902615

-122.1520903 37.407104699900756
-122.15221670000001 37.4067380999007
-122.15234059999999 37.406806099900706

-122.15234059999999 37.406806099900706
-122.152901 37.40612439990063
-122.15315150000002 37.405819199900584

-122.15192759999998 37.40572899990058
-122.15110069999999 37.4067559999007

-122.1498407 37.408055199900886
-122.1494816 37.408489999900944
-122.14909489999997 37.40895809990099

-122.15110979999997 37.40818179990091
-122.15139020000001 37.40791469990085
-122.1518566 37.40739449990081
-122.1520903 37.407104699900756
-122.1520903 37.407104699900756

-122.15070700000001 37.406880099900725
-122.1501399 37.40757199990082
-122.15008140000002 37.40764329990081

-122.15139350000001 37.406038899900615
-122.15092539999999 37.40661369990069
-122.15092539999999 37.40661369990069

-122.1425068 37.41450049990175
-122.1424994 37.414587799901746

-122.14896530000001 37.406714699900704
-122.14971450000002 37.4066094999007

-122.1449743 37.41523109990184
-122.14484930000002 37.415388699901854

-122.1484639 37.40757499990083
-122.14792279999999 37.406614299900696

-122.14937120000002 37.40793189990086
-122.14907160000001 37.40827429990091

-122.13884729999998 37.42041389990251
-122.13834230000002 37.42102709990261
-122.13834230000002 37.42102709990261

-122.14380929999997 37.41485419990178
-122.14364860000002 37.41497159990179

-122.14677319999997 37.408474999900946
-122.14726209999999 37.40791469990085

-122.14541169999997 37.40925069990104
-122.14618359999999 37.40964649990109

-122.14283629999997 37.41309319990155
-122.1427166 37.41323689990156

-122.1438075 37.41317589990155
-122.1438601 37.41311079990155

-122.1465857 37.40731439990078
-122.14774180000002 37.40793409990087

-122.14769830000002 37.409266099901046
-122.14743310000001 37.40912879990102

-122.14866560000002 37.40919369990104
-122.14762819999999 37.40866269990096
-122.1475401 37.40861809990096

-122.14769830000002 37.409266099901046
-122.14799770000002 37.409416999901055

-122.1438601 37.41311079990155
-122.1446335 37.41216949990142

-122.14628319999998 37.40827329990091
-122.14668329999999 37.40779549990086

-122.14508249999999 37.41162899990135
-122.14570800000001 37.41088709990126
-122.14570800000001 37.41088709990126

-122.144269 37.408664799900954
-122.14541169999997 37.40925069990104
-122.14541169999997 37.40925069990104

-122.1459347 37.40744909990081
-122.1457261 37.407689899900824

-122.1490189 37.40605599990061
-122.1488446 37.40620299990064
-122.1488471 37.40628689990064

-122.13700790000001 37.41991759990244
-122.1380718 37.42047449990253

-122.145292 37.40720659990076
-122.1453118 37.40704609990075
-122.1454252 37.40633929990066
-122.1454252 37.40633929990066

-122.14492790000001 37.40776339990084
-122.14433579999998 37.4081604999009
-122.14408549999999 37.408321099900924
-122.14398979999999 37.40838679990093
-122.14339639999997 37.40881929990097

-122.1431141 37.40811289990089
-122.1425585 37.407970299900875
-122.14207800000001 37.40855319990094
-122.14174290000001 37.40863679990095

-122.14490849999999 37.40732689990078
-122.14495980000001 37.40694269990074
-122.1446751 37.40689599990073
-122.143605 37.40683099990072
-122.14368220000001 37.40762749990081
-122.14368220000001 37.40762749990081

-122.1463409 37.40566439990056
-122.14623479999999 37.40609879990061
-122.1463409 37.40566439990056

-122.1474112 37.40305959990022
-122.14781570000001 37.40298839990021
-122.14814239999998 37.40297609990021
-122.1485976 37.40317589990024
-122.14904279999998 37.40331169990025

-122.1467186 37.40499699990047
-122.1458802 37.40537839990053
-122.1458802 37.40537839990053

-122.146767 37.404811399900446
-122.14801010000001 37.40502779990048

-122.14738700000001 37.4051452999005
-122.1479584 37.40528269990052

-122.14510409999998 37.40632519990065
-122.14473920000002 37.40631659990065
-122.14440869999997 37.406296299900646

-122.1452469 37.40525799990051
-122.1452244 37.405445199900534
-122.14531619999998 37.40529519990052
-122.1452469 37.40525799990051

-122.1473613 37.4013103999
-122.1470183 37.40117399989997
-122.14692430000001 37.40089109989993
-122.14678559999999 37.400569299899885
-122.14566900000001 37.40061809989989
-122.14554030000001 37.4006391998999

-122.1481951 37.40441859990041
-122.14802390000001 37.40419589990037
-122.14795949999997 37.4043791999004

-122.14429299999999 37.40093389989993
-122.1447294 37.40146269990001
-122.1449188 37.40155849990003

-122.1452827 37.40254899990015
-122.1451449 37.40211869990009

-122.14311819999998 37.402326199900116
-122.1434723 37.40256079990016
-122.1435515 37.40261569990015
-122.1438987 37.40297279990021
-122.1438557 37.4030368999002

-122.1428301 37.40174619990004
-122.14189650000002 37.402126099900094
-122.14186100000002 37.402144299900094

-122.14646409999999 37.40025049989985
-122.14636290000001 37.3999172998998
-122.14638239999996 37.39948489989974
-122.14644940000001 37.39935919989973
-122.1467472 37.399350699899735
-122.1467486 37.39978179989977
-122.14685980000002 37.400113499899824
-122.14685980000002 37.400113499899824

-122.1418618 37.40035909989986
-122.1420728 37.40025869989985
-122.14227360000001 37.40027409989984
-122.1423014 37.40096969989994
-122.141933 37.40097709989994
-122.1418618 37.40035909989986

-122.14572719999998 37.39889969989968
-122.1458867 37.3990456998997
-122.14616940000002 37.398965499899674
-122.1461443 37.398852199899665
-122.14609309999997 37.39881219989965
-122.14572719999998 37.39889969989968
-122.14572719999998 37.39889969989968

-122.14448349999999 37.400222299899845
-122.14390009999998 37.40025979989984

-122.14557780000001 37.397492599899486
-122.14633149999997 37.39731789989946
-122.14664209999998 37.39814679989958
-122.1457926 37.398343799899585
-122.1456542 37.39825679989958
-122.1455215 37.397954599899535
-122.14548050000002 37.39784799989953

-122.14162950000001 37.40088049989993
-122.1413288 37.40070549989991

-122.14055369999997 37.398989599899664
-122.14085609999998 37.39986269989979

-122.1418179 37.40010089989981
-122.14175930000002 37.39998519989982
-122.14164419999999 37.39999839989981
-122.14161710000002 37.400111199899825
-122.14161710000002 37.400111199899825

-122.14495280000001 37.39763329989951
-122.145001 37.39751089989949
-122.14523670000001 37.397447699899466
-122.145391 37.397370399899465
-122.1454426 37.39729979989945
-122.1455234 37.39724449989944
-122.14558940000002 37.397222299899454

-122.14320979999997 37.39887479989967
-122.1437989 37.39885059989967

-122.1413454 37.40008959989983
-122.14125939999997 37.399547999899745
-122.14126799999995 37.3991580998997
-122.14119470000001 37.39841639989961
-122.1411807 37.39795959989954
-122.1415762 37.397913799899534

-122.14165250000002 37.39790999989953
-122.14224599999999 37.39785129989953
-122.14233389999998 37.39777569989951
-122.14297690000001 37.397706699899516
-122.14309489999997 37.39769539989951

-122.14084369999999 37.39711329989943
-122.14068539999998 37.396560299899356
-122.14060609999999 37.39646109989935

-122.14302739999998 37.397065299899424
-122.1430136 37.39678519989939
-122.14302510000002 37.39668169989937
-122.1429592 37.39653009989936
-122.1429592 37.39653009989936

-122.1429592 37.39653009989936
-122.14306609999997 37.39642359989934
-122.14308129999999 37.396299499899314

-122.1454088 37.396778799899394
-122.14562070000001 37.39658279989936
-122.14567699999999 37.3962076998993
-122.1455912 37.39600319989928

-122.14695640000001 37.3969300998994
-122.14708249999998 37.396680799899364
-122.1468143 37.39605639989929
-122.14647359999996 37.39587739989927

-122.14558940000002 37.397222299899454
-122.14623219999999 37.39715169989943
-122.14695640000001 37.3969300998994
-122.14695640000001 37.3969300998994

-122.14647359999996 37.39587739989927
-122.14606859999999 37.395853999899266
-122.1455912 37.39600319989928

-122.14519550000001 37.395422399899196
-122.14500909999997 37.39577609989926
-122.1450568 37.3960287998993
-122.1450568 37.3960287998993

-122.14385839999998 37.39553639989922
-122.1438794 37.395284699899186
-122.14425799999998 37.39487579989914
-122.14462950000001 37.394804399899115
-122.14497149999998 37.39518049989918
-122.14519550000001 37.395422399899196

-122.14776909999999 37.395745299899254
-122.1473631 37.39539719989921
-122.1473631 37.39539719989921

-122.1478041 37.39485729989912
-122.1472836 37.393861499898996

-122.15054800000001 37.39430409989905
-122.1507039 37.39459509989909

-122.1404436 37.40452769990041
-122.14028 37.40473219990045
-122.140347 37.40491329990046
-122.14058569999999 37.40489409990045
-122.1407029 37.40475079990044
-122.1407614 37.40468859990044

-122.13644419999999 37.40166349990003
-122.13607019999999 37.40207809990009

-122.137913 37.401046499899955
-122.1376588 37.40061309989989
-122.13712339999998 37.40036289989986
-122.13712339999998 37.40036289989986

-122.13640150000002 37.40014219989984
-122.1361407 37.40023159989984
-122.13598140000002 37.40050979989988
-122.13593009999997 37.400927299899934
-122.1360116 37.40111299989995

-122.1353294 37.39971279989978
-122.1348917 37.39965109989977
-122.1347551 37.39975749989978
-122.1350668 37.400270499899854
-122.13582249999999 37.39999629989982
-122.13572809999998 37.39983949989979
-122.1353294 37.39971279989978

-122.1407239 37.39506909989915
-122.14039060000002 37.395244999899184

-122.1404443 37.39527089989918
-122.1403578 37.39557299989922
-122.1403578 37.39557299989922

-122.1378644 37.39721729989945
-122.1373111 37.39657869989936

-122.13697219999999 37.39676309989939
-122.1373111 37.39657869989936

-122.13725249999997 37.39651109989934
-122.1368638 37.39601039989929

-122.14021100000001 37.39517179989917
-122.14001409999999 37.39494599989915
-122.1398499 37.39408309989903
-122.13978429999999 37.393689399898975

-122.13673359999999 37.39547539989922
-122.13658790000001 37.39557299989922

-122.13673359999999 37.39547539989922
-122.13652600000002 37.3953319998992
-122.13648109999995 37.39524199989918

-122.1369552 37.39512259989917
-122.1369091 37.39514509989917
-122.13686089999999 37.39512549989915
-122.13685649999996 37.39508339989916
-122.13689689999998 37.39505809989916
-122.1369316 37.395061999899156

-122.13720080000002 37.39470249989912
-122.1373506 37.39480719989913

-122.13756679999999 37.39574399989925
-122.1368638 37.39601039989929
-122.1368638 37.39601039989929

-122.13755959999999 37.39508089989915
-122.13756320000002 37.39532919989919

-122.1369552 37.394040899899025
-122.13686829999999 37.39284539989887
-122.13681229999999 37.392795899898864

-122.13978429999999 37.393689399898975
-122.1401499 37.393854599898994
-122.14026250000002 37.393880699899

-122.13787740000001 37.39432429989906
-122.1377866 37.39439009989908

-122.1397706 37.393460799898946
-122.13967069999998 37.3930226998989
-122.13967069999998 37.3930226998989

-122.1369552 37.394040899899025
-122.13658060000002 37.39407709989903
-122.13658060000002 37.39407709989903

-122.13841110000001 37.39438769989908
-122.1382354 37.394519799899086

-122.1355937 37.39820939989958
-122.13574630000001 37.3983524998996
-122.13574630000001 37.3983524998996

-122.13574630000001 37.3983524998996
-122.13544020000002 37.3984181998996
-122.13523290000002 37.398385499899604
-122.13516010000001 37.39835999989959

-122.13965059999998 37.392957599898885
-122.13876760000001 37.39321949989891

-122.1339537 37.39800429989954
-122.13354650000001 37.39779779989952

-122.13967069999998 37.3930226998989
-122.1399071 37.39343979989894
-122.1397706 37.393460799898946

-122.13858749999999 37.39399909989901
-122.13886770000002 37.393683399898975
-122.13886770000002 37.393683399898975

-122.13457820000002 37.39822109989959
-122.1348276 37.39813269989956
-122.1350172 37.39800259989955
-122.1350172 37.39800259989955

-122.13545509999997 37.39703099989942
-122.13520839999998 37.39702779989942
-122.13504690000002 37.39703099989942

-122.1381628 37.392837199898864
-122.13822339999997 37.39271849989885
-122.13829649999998 37.392628899898824
-122.13841349999998 37.39253259989883
-122.1384718 37.392463299898814
-122.13845580000002 37.39237049989881
-122.13845580000002 37.39237049989881

-122.13452990000002 37.39733789989946
-122.13452459999999 37.39725749989945

-122.13360040000002 37.39751469989948
-122.13359099999998 37.39747419989947

-122.1350361 37.39756049989949
-122.13522630000001 37.39759129989949
-122.13521289999998 37.39781419989952
-122.13521289999998 37.39781419989952

-122.13328670000001 37.39683389989938
-122.13329969999997 37.39640369989934

-122.13472170000001 37.3968807998994
-122.1350515 37.3968861998994

-122.13813050000002 37.39251019989881
-122.13760679999999 37.39279619989886
-122.13747669999997 37.39274299989886

-122.13328100000001 37.397101299899425
-122.13328389999997 37.39694369989941
-122.13328389999997 37.39694369989941

-122.1354197 37.39658969989936
-122.13543370000001 37.396672999899366

-122.13726509999998 37.39195569989875
-122.13713339999998 37.39177229989872
-122.1373708 37.39179469989872

-122.1338482 37.39717489989944
-122.1332845 37.396918299899404

-122.1379009 37.39244009989881
-122.13786300000001 37.39224859989879

-122.13505539999998 37.39676299989937
-122.13455250000001 37.39671739989939
-122.13455250000001 37.39671739989939

-122.13643959999999 37.391914299898744
-122.13672370000002 37.3924335998988
-122.13691279999999 37.392460599898826

-122.1335278 37.39683499989939
-122.13328670000001 37.39683389989938

-122.13541090000001 37.39639499989933
-122.13561460000001 37.39625069989932
-122.13561460000001 37.39625069989932

-122.1334722 37.396406699899345
-122.13329969999997 37.39640369989934

-122.13350219999998 37.39620529989931
-122.1333097 37.396210699899314

-122.13573269999999 37.39612859989929
-122.13563399999997 37.395839199899264
-122.13563399999997 37.395839199899264

-122.1350216 37.39508719989916
-122.13483790000001 37.39514359989916
-122.13486219999997 37.3953612998992
-122.13507700000001 37.39567959989924
-122.13509010000001 37.39586079989927

-122.13592800000002 37.39558509989922
-122.13600520000001 37.39552829989922

-122.13518010000001 37.395853999899266
-122.1351922 37.39528949989918
-122.13530349999998 37.39523199989919

-122.13332579999998 37.395902099899274
-122.13334640000001 37.395146199899166

-122.13334640000001 37.395146199899166
-122.13404120000001 37.395168499899164

-122.13334829999997 37.39508839989916
-122.13392039999998 37.39511159989917
-122.13411299999999 37.395016999899156
-122.13411299999999 37.395016999899156

-122.1333466 37.394702899899116
-122.13199710000002 37.39468429989912

-122.1333466 37.394702899899116
-122.1331803 37.39426789989904

-122.1331803 37.39426789989904
-122.13183939999998 37.394325099899056
-122.13183939999998 37.394325099899056

-122.13605599999998 37.39407829989903
-122.133088 37.394007899899016

-122.13314879999997 37.394190199899036
-122.13224979999998 37.39417079989904

-122.133088 37.394007899899016
-122.13313489999999 37.39326539989892

-122.13316570000002 37.392772799898864
-122.1351428 37.39281199989887

-122.1356801 37.39288759989886
-122.1351428 37.39281199989887

-122.13316570000002 37.392772799898864
-122.1328746 37.392354899898805
-122.1328746 37.392354899898805

-122.1321846 37.39145219989869
-122.13268569999998 37.39211719989878

-122.1458339 37.42449009990306
-122.1459829 37.42455409990306

-122.14084099999998 37.419703499902425
-122.1403993 37.42048489990252
-122.13962460000002 37.42056299990254
-122.1387272 37.42009369990248
-122.1387272 37.42009369990248

-122.14612720000001 37.423940599902984
-122.1456118 37.42373649990295
-122.1452179 37.423485099902926
-122.14502869999998 37.42336729990291

-122.13833229999997 37.419612199902424
-122.138395 37.41998859990245
-122.13845489999999 37.420073199902475

-122.1386581 37.41678359990203
-122.1378343 37.417765599902175
-122.13774210000001 37.4179596999022
-122.13787260000001 37.418100499902216
-122.1380248 37.41830119990223
-122.13802770000001 37.41853639990227
-122.13802770000001 37.41853639990227

-122.14445829999997 37.42203209990273
-122.14419479999998 37.422361999902776

-122.14433200000002 37.42189609990272
-122.14398739999999 37.42225179990277

-122.14602399999998 37.42127209990264
-122.1455887 37.4217735999027
-122.1454879 37.42189979990272
-122.145259 37.42217199990275
-122.145259 37.42217199990275

-122.1437952 37.422151099902756
-122.1436827 37.422049099902736
-122.14373320000001 37.421869099902715
-122.14398430000001 37.42164109990268
-122.14419100000002 37.42154299990267

-122.13983539999998 37.419186799902356
-122.14084099999998 37.419703499902425

-122.14316519999997 37.4202724999025
-122.1421624 37.41923409990237
-122.1421624 37.41923409990237

-122.14280469999999 37.42069029990256
-122.14316519999997 37.4202724999025
-122.14316519999997 37.4202724999025

-122.1416642 37.41997639990247
-122.1417764 37.41984669990244

-122.1417764 37.41984669990244
-122.14188249999998 37.41970609990242

-122.14364179999997 37.42107679990261
-122.1430166 37.42074729990257

-122.1475641 37.42288629990285
-122.14726249999998 37.422777299902826
-122.1458717 37.42205489990275
-122.1458717 37.42205489990275

-122.13336860000001 37.40172419990003
-122.13266350000002 37.40138349989999
-122.1323367 37.40088599989993
-122.13230719999997 37.40084609989992

-122.13332579999998 37.395902099899274
-122.1328863 37.39588709989928
-122.13252589999998 37.39573999989926
-122.132232 37.39522379989918
-122.1321794 37.39518969989918

-122.1437004 37.42041999990251
-122.1434743 37.420305999902496

-122.13395499999997 37.39605729989929
-122.13395079999997 37.39588869989927

-122.13671389999999 37.39784099989952
-122.13666729999998 37.3976662998995
-122.13680989999999 37.397555899899494

-122.13680989999999 37.397555899899494
-122.13684940000002 37.39731709989947
-122.1367636 37.397249999899444

-122.143544 37.420171599902496
-122.14398200000001 37.42040299990252

-122.13427419999998 37.395881099899256
-122.13395079999997 37.39588869989927

-122.1400077 37.41854069990227
-122.14075460000001 37.41891739990232
-122.14075460000001 37.41891739990232

-122.13509010000001 37.39586079989927
-122.1345186 37.395875299899274

-122.14807700000001 37.422317399902774
-122.14752640000002 37.42202999990274

-122.13340029999999 37.392038799898764
-122.1330906 37.391999199898756
-122.1330906 37.391999199898756

-122.13371999999997 37.39177509989873
-122.13343130000001 37.39142169989867

-122.1338604 37.39175589989872
-122.13391680000001 37.39202479989877

-122.13431369999998 37.39243719989882
-122.1343156 37.39194429989874

-122.1338014 37.39175589989872
-122.1336888 37.39145579989867

-122.137371 37.39600289989927
-122.13766499999998 37.39624459989931

-122.13397599999998 37.39177709989873
-122.13449340000001 37.39160929989871
-122.13437010000001 37.391340799898664
-122.1343915 37.39131309989865

-122.13808379999999 37.396130799899304
-122.13786119999997 37.39616809989929

-122.1347402 37.39209399989876
-122.13457709999999 37.39182159989873
-122.1347248 37.391671299898704
-122.13494409999998 37.39170729989872

-122.13535909999997 37.39242139989881
-122.13531600000002 37.392272799898784

-122.13576789999999 37.39188559989874
-122.135606 37.39185319989873
-122.13554239999998 37.39186269989873
-122.135522 37.391918599898744
-122.1355865 37.392092499898766
-122.13557550000002 37.392149099898774
-122.1354457 37.39219969989877
-122.13534300000002 37.39223139989878
-122.13531600000002 37.392272799898784

-122.1383194 37.395865899899256
-122.13838269999997 37.39599219989928

-122.13574240000001 37.3923527998988
-122.13576679999997 37.3923416998988
-122.13579219999998 37.39235129989879
-122.13579670000001 37.392373399898794
-122.13577530000002 37.392389199898794
-122.13574659999999 37.39238299989881
-122.13574659999999 37.39238299989881

-122.13868809999997 37.395776399899255
-122.138775 37.39555809989923
-122.13888169999997 37.395215399899165
-122.13888169999997 37.395215399899165

-122.13811469999999 37.39973709989978
-122.13782510000001 37.39968229989978
-122.1374182 37.399481599899744
-122.1373392 37.39918779989971
-122.13732269999997 37.39907669989968

-122.14098989999998 37.41836529990225
-122.14121829999999 37.41805959990221

-122.13868809999997 37.395776399899255
-122.13903939999997 37.39583669989925

-122.14734779999999 37.421097499902615
-122.1476952 37.421300399902634
-122.1482584 37.42158829990268

-122.13948319999997 37.39734209989947
-122.139237 37.39745639989948
-122.1386175 37.397933699899546
-122.1386408 37.398538099899625
-122.1386753 37.398823399899655
-122.13868890000002 37.39895589989967

-122.13906679999997 37.39568329989925
-122.1396708 37.395405899899195
-122.1396762 37.39533759989919

-122.14098129999999 37.397711299899505
-122.14084369999999 37.39711329989943
-122.14084369999999 37.39711329989943

-122.13868890000002 37.39895589989967
-122.13874239999998 37.399476199899745
-122.13875079999998 37.39955189989975

-122.13904109999999 37.39987269989979
-122.13933429999997 37.40004939989982

-122.13906679999997 37.39568329989925
-122.13935860000001 37.39570249989924

-122.14063429999999 37.417785699902176
-122.14099879999999 37.41734519990211
-122.14110109999999 37.4173025999021
-122.1413863 37.41727789990212

-122.14250310000001 37.41899169990232
-122.14367359999999 37.419820699902445
-122.14367359999999 37.419820699902445

-122.13699079999998 37.393716399898985
-122.13728449999999 37.39393379989902
-122.13728449999999 37.39393379989902

-122.13858749999999 37.39399909989901
-122.13790359999997 37.39346589989895
-122.13727039999998 37.393530499898944
-122.13727039999998 37.393530499898944

-122.1453922 37.419590899902424
-122.1463749 37.42011129990249
-122.1467903 37.4203280999025

-122.14447430000001 37.41948789990239
-122.1442869 37.41938839990239

-122.1442869 37.41938839990239
-122.14385990000001 37.41991939990245

-122.14433920000002 37.41866629990229
-122.14446429999997 37.41850829990228
-122.14446429999997 37.41850829990228

