lon lat
-122.11463029999999 37.41761359990215
-122.1147115 37.417551899902136
-122.114886 37.41746089990214
-122.1149227 37.41744319990213
-122.1150049 37.41740889990212
-122.11505059999999 37.41746579990213
-122.1151272 37.41756269990214
-122.11523540000002 37.41765529990216
-122.1154541 37.417807599902176
-122.11575980000002 37.417894999902174
-122.1160192 37.41790619990217
-122.11603969999999 37.41790709990219
-122.11612989999998 37.41791089990218
-122.11622249999999 37.41819529990223
-122.116319 37.41836579990224
-122.11648800000002 37.418534099902274
-122.11674990000002 37.418702499902295
-122.1171317 37.41882479990231
-122.11739999999999 37.41883759990231
-122.11768579999998 37.4188065999023
-122.11779289999998 37.41879499990232
-122.11782519999998 37.418857899902314
-122.1178335 37.418874099902304
-122.117976 37.41915179990236
-122.1182361 37.41951399990241
-122.11851640000002 37.41978559990243
-122.11903010000002 37.42013069990247
-122.1196336 37.4203766999025
-122.1199259 37.42046079990252
-122.1204047 37.420521599902536
-122.120567 37.420558799902544
-122.1206682 37.420619899902555
-122.12068090000001 37.42062979990254
-122.12073510000002 37.42067859990255
