lon lat
-122.118672 37.41779859990218
-122.11858880000001 37.41753229990214
-122.11839569999997 37.417188799902085

-122.12073510000002 37.42067859990255
-122.12068090000001 37.42062979990254
-122.1206682 37.420619899902555
-122.120567 37.420558799902544
-122.1204047 37.420521599902536
-122.1199259 37.42046079990252
-122.1196336 37.4203766999025
-122.11903010000002 37.42013069990247
-122.11851640000002 37.41978559990243
-122.1182361 37.41951399990241
-122.117976 37.41915179990236
-122.1178335 37.418874099902304
-122.11782519999998 37.418857899902314
-122.11779289999998 37.41879499990232

-122.11779289999998 37.41879499990232
-122.11791829999999 37.418739699902304
-122.11803700000002 37.418687399902296
-122.1182583 37.41855319990228
-122.11832360000001 37.41849919990227
-122.11834120000002 37.41848989990226
-122.11850690000001 37.418402999902256

-122.1205133 37.41642399990199
-122.12078399999999 37.416427599901986
-122.12080140000002 37.41642769990199
-122.1209845 37.41642779990199

-122.11789499999999 37.41688649990205
-122.11773169999998 37.41684639990204
-122.11755049999998 37.41682059990204
-122.1173757 37.416813799902044
-122.1171351 37.41683779990205
-122.11680799999999 37.416914499902056
-122.11651419999998 37.417089099902086
-122.11633949999998 37.417245899902085
-122.1162044 37.41744119990213
-122.1161327 37.41766879990217
-122.11612989999998 37.41791089990218

-122.1150049 37.41740889990212
-122.11508729999997 37.417386999902114
-122.11513389999999 37.41736279990211
-122.11532369999998 37.4172647999021
-122.11543369999998 37.41720519990209
-122.11549069999998 37.417168999902096
-122.1155845 37.41711409990208
-122.11571189999998 37.41704329990207
-122.1158528 37.41697139990207
-122.116007 37.416897399902055

